% # columns="iteration, evaluation, sigma, void, void,  stds==sigma*sigma_vec.scaling*sqrt(diag(C))", seed=971814, Fri Aug 22 21:48:37 2025, <python>{}</python>
1 14 0.09447788619724018 0 0 0.09466481455403965 0.09362086483509614 0.09166600418978717 0.09625812640804697 0.015710037475920386 0.009821161836182955 0.09170968172514474 0.09349872135661434 0.020902012276083144 0.09375897403651991 0.09601284622895126 0.09224050716281482 0.092403085066157 0.08971075225255966 0.09486590146418442 0.09168141703740454 0.09023138133611047 0.09205438027215423 0.09433955299374758 0.02622998812760756 0.009871327492102056 0.026082326649653105 0.022058968614279906 0.005711970811586774 0.0013317655578069026 0.09390914129960437 0.09234828848101491 0.09382382290933175 0.09419855657995438 0.09392795847458953 0.09557836753004657
2 28 0.09204748237133943 0 0 0.0950363021421721 0.0903285094665796 0.08801004828206961 0.09439801298876278 0.01480939675242174 0.009574929838059543 0.08763650650425464 0.0890134130523316 0.020272201453619066 0.09347193894661394 0.09516170563137462 0.09017544036113058 0.08999532915716275 0.08637843826856455 0.09141471768685465 0.08765674703699056 0.08808848045014592 0.08949124693186564 0.08821118875973821 0.024935231712381083 0.009495367191813616 0.02469511029997453 0.021791947108007186 0.005860728548838463 0.0013140332415126563 0.09007556580988203 0.08780832427860727 0.09010731554096153 0.09273984054537275 0.09046413294641682 0.09301658573912022
3 42 0.08912655926593221 0 0 0.09094317066755804 0.08702677036561532 0.08508685779323534 0.08990224983200638 0.014487554237430526 0.009420587132696846 0.0839703268623773 0.08710315083021473 0.019547800237244166 0.09072540644991199 0.09027506120906847 0.08620609646722527 0.0824555454936206 0.08225906078355737 0.08182641328019909 0.08662687863493014 0.08423659040499357 0.08446833580241801 0.08612996590910676 0.024096120283926294 0.009320240459442072 0.02380298367032743 0.021446808732953043 0.005781136358365037 0.0012796464774617613 0.087533131694489 0.08333414358472403 0.08598304737865425 0.08942783612147466 0.0888170176423168 0.0916069945773277
4 56 0.08611493310662367 0 0 0.09000276363971775 0.085080001737803 0.08509873578763102 0.08761973916153873 0.013712281979472723 0.00913332709449839 0.0809758678696746 0.08283787461935964 0.018377216726636794 0.08993457925826018 0.08603244641496911 0.0844559458215513 0.07821139826978166 0.07906038938080798 0.08057841927329125 0.08341902079702337 0.08183198116312969 0.08219244308754901 0.0812293022315636 0.022446267476072618 0.008977677798377768 0.02297065736487888 0.020985417646890204 0.005891428040491881 0.0012308086572421714 0.08223034513136461 0.07882370476080372 0.0833765009503719 0.0861997352670857 0.08325637328628054 0.08841242059039232
5 70 0.08608795218545895 0 0 0.08956970588869567 0.08376094212487514 0.08759306003999912 0.08876719792666443 0.01449016102887876 0.009151907506524094 0.08504485992935808 0.0801727618284679 0.018425355386595517 0.0888332599235493 0.08658306720543611 0.08451043759054448 0.07713853790883798 0.0790814683672074 0.08023727141538108 0.0803379891668804 0.0795564839680695 0.08191165685559115 0.08034546309605883 0.0228950083763567 0.008949928818293465 0.02295445134916556 0.021192678938006613 0.005900090799756319 0.0011840914328356557 0.08247136771779857 0.0806447444315366 0.0842173942187701 0.08419830710916715 0.08362556115343676 0.08984591320444335
6 84 0.08862561271519458 0 0 0.0919363265385121 0.08609918077165475 0.091680183500108 0.09297902537493591 0.015277956658346224 0.009368000978920843 0.08907938135673514 0.08235841897047359 0.019220459532034162 0.0953893547077579 0.08837115524747735 0.088252349386083 0.07963996965767416 0.08194844574949446 0.080943675205019 0.0847836941072282 0.07949130627502676 0.08243713582320417 0.08372997208550337 0.02366407650218899 0.009997052349310821 0.02339076060234714 0.021252817649164688 0.005686816435019559 0.0012037584541732826 0.08366618038064932 0.08274273954950175 0.08765466796216265 0.08581038718443898 0.08707361618083238 0.0907683020811054
7 98 0.0922781763099657 0 0 0.095900917006136 0.08819510348085846 0.0961111178932053 0.10295260152798882 0.016358117166610765 0.009926292561490642 0.09344219615893086 0.08560814732266893 0.019955388557138003 0.09921176457839777 0.09013334089214665 0.09244474783491233 0.08266484602309741 0.08863093169247786 0.08646105128989871 0.09367832431380382 0.0842218320761445 0.0866819362683368 0.08798750443616195 0.02469043282809664 0.010112965 0.024625861347569215 0.022042716090625573 0.005998397527535731 0.0012520092831279266 0.0862336655547159 0.08499274089088422 0.0876486723939812 0.08911564896088747 0.08693251884620112 0.09500474406831996
8 112 0.09382403149835142 0 0 0.09870767716804266 0.09029066913221331 0.09881129240344991 0.1068981333700163 0.016596510059482462 0.009758456300030147 0.09289035813648887 0.08671554599314038 0.02015895528526067 0.09893786206268461 0.0913879250222052 0.09374539404483581 0.07789710339205244 0.08872668652887664 0.08802014305093643 0.09715641654874971 0.08803745762783984 0.08496378924600864 0.08851190215238476 0.02437672285484496 0.010030219985406874 0.02483507703307536 0.02230546550597287 0.006060068 0.0012418073338085927 0.09063261621657401 0.08598054877337666 0.08761429903770822 0.09080468213118299 0.0900770235691652 0.0954385428630307
9 126 0.0958709879635731 0 0 0.10486426218067307 0.09242394969053909 0.09762116116124588 0.10937390568232999 0.017135313333333325 0.009970836801902761 0.09260728698468629 0.09044076952482545 0.02019351992480829 0.10129763979341799 0.0937271998411907 0.09741278946039994 0.07716268360457246 0.09002607193704167 0.08758077906536374 0.10078592912139593 0.0902017173920437 0.08510413454235341 0.09104286504727752 0.025189330496921247 0.010112964999999998 0.025710380973843153 0.02285782351937351 0.006060068 0.0013020529038824727 0.09380144373023687 0.08813258165750616 0.09330072055258011 0.09181656369685623 0.09026044593546452 0.09766839372167489
10 140 0.09889742303006745 0 0 0.11799637604040962 0.09265250743980318 0.10102525416230407 0.11488044336629637 0.017135313333333322 0.00992608011938428 0.09832285294529261 0.09452093561272512 0.020241296166393807 0.10266493868842225 0.09654202573308321 0.09969657562030936 0.0773337384181083 0.09082289328323566 0.08916328059789433 0.10362782315982036 0.09319596729911955 0.0880952857523674 0.09420080087334583 0.02626557356505945 0.010112964999999998 0.026408851470580603 0.023819012999999997 0.006060068 0.0013228760221724336 0.09922463869099313 0.09028836696585851 0.09359848369729291 0.09518052436177905 0.09410369632197178 0.1012138067933162
11 154 0.10005399179835742 0 0 0.12566578666140882 0.09335555329919042 0.10020642108801235 0.11731287560580757 0.016726389283539863 0.010153962211798366 0.1 0.09812782992359277 0.01973196984078947 0.10280722262754098 0.09706008031166892 0.10500914292837879 0.0764780581075473 0.09166865674180646 0.08992469508419797 0.10423696319594336 0.08964885021712998 0.08734595226446182 0.09039317344656492 0.025962023583012944 0.010099855061765056 0.02593971350920273 0.023773930705500622 0.006060068000000001 0.0013421728869433167 0.10237569266603272 0.08753589822417329 0.09350423609810321 0.09636136702668434 0.09437774061096162 0.10343438920666832
12 168 0.10220959636313069 0 0 0.13238178659172425 0.10124903056708077 0.10087168716826006 0.11860193780304888 0.017135313333333325 0.01041187333333333 0.1 0.1 0.020215753777620502 0.10446842858909114 0.09816203439131005 0.10903405491776111 0.07615502694041473 0.09346260897926273 0.09062653931040651 0.10691336669495095 0.09244517038664093 0.08756213999924196 0.09173704970314199 0.02623099526992544 0.010112964999999998 0.025915975805663738 0.023819013 0.006060068 0.0014034660258855753 0.10448810595231822 0.09058007849875122 0.09573631344253554 0.101266518891448 0.09663906955859655 0.10327274753480004
13 182 0.10375644842627782 0 0 0.1407569802687927 0.10330134123014557 0.10531971277488908 0.11687121887272693 0.017135313333333325 0.010411873333333332 0.1 0.1 0.02003398887708642 0.10494037662707552 0.10109005605584774 0.1100609438878614 0.0772952847912599 0.09646911593063054 0.0907779854101234 0.11106358386451394 0.09256800933955989 0.09010859148539094 0.0940574203651038 0.026587048487658024 0.010112964999999998 0.026633172065664096 0.023819013000000003 0.006060068 0.0014260508333333332 0.10732649999999996 0.08881011831794679 0.10003434091500334 0.1007021016791208 0.09856969235273137 0.10779723262664105
14 196 0.10614452623991262 0 0 0.14400122256744155 0.10697812177586866 0.1083663593156371 0.1168457531915501 0.01713531333333333 0.010411873333333332 0.1 0.10000000000000002 0.019988598074631696 0.10379547314064137 0.1052917324385399 0.10976697477106082 0.07839384114804628 0.10380937826192543 0.09096515422988767 0.11272359192264132 0.09777567547599328 0.09180629614336042 0.09433813890009593 0.02769496798802696 0.010112964999999998 0.027080658333333327 0.023816665369067288 0.006026516925921911 0.0014260508333333332 0.10732649999999996 0.09040362914390843 0.106134757214164 0.10157600358899962 0.10241807399408603 0.11154578796671165
15 210 0.10800270141221607 0 0 0.15167852871837284 0.1112120707552289 0.1114727894500814 0.1197424221564691 0.01713531333333333 0.010181347219078337 0.1 0.1 0.020139654071516785 0.10307664609925005 0.10465672845729185 0.11038982391232943 0.07927658987729332 0.10805439122886286 0.09210479431994312 0.11457333245783234 0.10096206883715868 0.09495917096396606 0.09405650705596465 0.02816063919705176 0.010095176230303793 0.02708065833333333 0.023819013 0.006050564748721434 0.0014260508333333334 0.10732649999999996 0.09704905368570738 0.11112977274884973 0.10119654241549765 0.10322123045939217 0.11192908131891266
16 224 0.10815352846218701 0 0 0.1575738936291179 0.11100242646119629 0.1074548234858166 0.12004898421140979 0.017135313333333325 0.010111397551404125 0.1 0.09764308712135254 0.020136446062119975 0.10363162322110621 0.10556690307875471 0.10903208219078467 0.0812330484608315 0.10942823725182427 0.0925517534713964 0.11264588229306827 0.10200022049915161 0.09574970942840472 0.09488511202022501 0.02790016777042127 0.010112965 0.027080658333333327 0.023285018130058118 0.005960084519095283 0.001426050833333333 0.10732649999999996 0.09470677234941148 0.11418237558664526 0.10265862340596707 0.10525036253697075 0.11102261728575614
17 238 0.1074625798281618 0 0 0.15715274529433193 0.10752955763535375 0.10648606803154326 0.11806975569733857 0.016920072418085224 0.009624262403243595 0.1 0.0948808204775106 0.019885250203498277 0.10362403846263676 0.10503664270444013 0.10747201284823076 0.08010465970382565 0.10659253372804131 0.0926713660441762 0.11128068968518633 0.10465221746782524 0.09419832196943477 0.09451335922905628 0.0260448335345745 0.010112964999999998 0.026387254736442524 0.022962069535152552 0.005767660019041468 0.0014112074784000152 0.10528180726339248 0.09187070093375921 0.11398928056109402 0.10280813683228533 0.1045064613191172 0.10992515151650172
18 252 0.10623447072119474 0 0 0.1559092294501818 0.10433879555510964 0.10229327757786903 0.11422424639309252 0.01658361246517565 0.00929351896550227 0.09461364129127446 0.09132126555255303 0.019406058730771666 0.10169523891149157 0.10315642240409159 0.10571514178976348 0.07843444003371092 0.10300910773158749 0.08985893032975599 0.10738019650797123 0.10631868220536532 0.09200425194125762 0.09169132495398327 0.026135769655503172 0.010112964999999998 0.025807442966001647 0.02219392928230321 0.005470217379162148 0.0013829646761260555 0.10474791903864174 0.08995717615160974 0.11218319172403313 0.10219194166566191 0.10476470395764313 0.10794140172537679
19 266 0.10441896324719754 0 0 0.1526652722403672 0.10007862721860615 0.09880216053942244 0.10761721795294833 0.015751849815579817 0.008892091402655122 0.09267249750001229 0.0898253045597693 0.01948098702468957 0.09884622872243379 0.1017068645403846 0.10179627686322494 0.0763345993419647 0.0996594885968646 0.08788447447744949 0.10452100258097143 0.10823233429007462 0.08997826954375428 0.0864534614475172 0.024512637624003603 0.010112964999999998 0.0253649331899042 0.021647940291120115 0.005334154655596139 0.0013322809880146867 0.10326904215241252 0.08676931647198187 0.11006535804553687 0.09666456932694814 0.1028542941214876 0.10812063867858865
20 280 0.10214172619588023 0 0 0.14818400536353968 0.09520436157135301 0.09890247801873446 0.10527064136326848 0.015517076069695422 0.008495857910893733 0.09177341647960993 0.09064941308399385 0.01885357278088281 0.09753622929764494 0.10145173460536377 0.09806152680988589 0.07095518122432777 0.09945876580377763 0.0863071254817832 0.1018539299348498 0.10530437505619174 0.0893367947111062 0.08288988343247342 0.02373449135586256 0.00987333388320834 0.02564200527346987 0.021305143065017938 0.005287853991323566 0.001296171158765122 0.0997902699857662 0.08183407403144978 0.10898304647998538 0.09640868688386227 0.09396678103817926 0.10674931579973687
21 294 0.1029409262377373 0 0 0.14817967988588013 0.0948520334629673 0.10070926228185094 0.10253707772984827 0.015470058247384174 0.008367479264974066 0.09206825977832765 0.09039507140008668 0.018488188450936614 0.09762542807477947 0.10768034376853697 0.09951496058338334 0.07047174584435194 0.09982624005471363 0.08864433796020965 0.10363157394763875 0.10444975568469625 0.09114686702403918 0.08400359669035808 0.023514444194775504 0.010100878688733007 0.026122956521711763 0.021654021521446718 0.005317960099626978 0.0012876135042006586 0.10086435917494307 0.08251695528178216 0.11040655504991266 0.09768802653999413 0.09445872186400872 0.10796949451327899
22 308 0.10376677845260321 0 0 0.14862949530652658 0.09341980261689121 0.09760069169607424 0.10253576074673174 0.01548701743548464 0.008136688562470707 0.0906371647969777 0.09249000913590341 0.018515801478107944 0.09699548465468862 0.10936227570331655 0.09775198969508915 0.07077561715507194 0.09718701650835093 0.09057838116896529 0.1041627335170683 0.10519220676822894 0.09547304391455659 0.08541063064198426 0.0236283441162742 0.010112964999999998 0.02640646101829047 0.02182703940692842 0.005263781994243601 0.0013375397237004644 0.10115879103213045 0.08238654882408071 0.11094354082103434 0.09504921418364377 0.09653169980978508 0.1070879753029977
23 322 0.10610858726297454 0 0 0.14953543402817107 0.09571596351743497 0.09871629909046989 0.10348025064847584 0.015369581506874279 0.008576319231495447 0.09186652637661355 0.09320162638227747 0.01889511003700635 0.09635390041668442 0.11746493781790221 0.0992434650824762 0.07191662436669857 0.10176249724462733 0.09365428551440769 0.10776943024944122 0.10565818878802631 0.09946713047198162 0.08434711854009132 0.023597663084049883 0.010112964999999996 0.02602157642967856 0.021825910215906554 0.0054413255239988655 0.0014048811454318415 0.10183415074063813 0.08407431474593133 0.1125840731331535 0.09859586309693139 0.096001772882793 0.11085307067845206
24 336 0.10718530270041392 0 0 0.1517227993571521 0.09811698723345824 0.09819697640983913 0.10288073735931398 0.015513116293569228 0.008688832821526141 0.08967551623492333 0.09359309258152289 0.017950905942657913 0.09423045011555349 0.12355848260845999 0.09698571067595477 0.07328149659771391 0.10317195464877438 0.09579522159720605 0.10837407997177238 0.10634345859231102 0.10296405080292827 0.08499230292387772 0.024248002450649293 0.010059671626301715 0.02626499335151304 0.02132973671042644 0.005522145572684992 0.0014260508333333334 0.10408099217980014 0.082669641156167 0.11217833510827674 0.09836333610769303 0.09438257759175271 0.11114606114707472
25 350 0.10810043226059532 0 0 0.15135676374242177 0.09803694163107637 0.09633436304525114 0.10065915535406068 0.015703676127552583 0.008632459605337976 0.0796648309343627 0.09477727631632663 0.017447567490093047 0.09678358529832096 0.12937096108787885 0.09730912975532639 0.07535574557153246 0.10819811837480488 0.10165979848162802 0.10821438577920395 0.11106371670405618 0.10641886146417938 0.0857544879350366 0.024570535650461894 0.010112964999999998 0.02619233544562585 0.021715118370010635 0.005656887242341853 0.0014260508333333332 0.10669200698943512 0.08198001731398728 0.11102238264422035 0.10024203954092686 0.09414053615346082 0.11055117820411207
26 364 0.10847142450227634 0 0 0.15041201692409398 0.09954531447152724 0.09475695789594588 0.10105008881307535 0.015555865302613912 0.0085899162620874 0.07936623999667877 0.09665558524829966 0.01757158967286779 0.094987828159809 0.1294609959255696 0.09674684681673597 0.07404991005076324 0.10896054097739591 0.10547460684559978 0.10905255717929947 0.11136798215738672 0.10712872625281074 0.08511551888875779 0.024369582790921 0.010112965 0.026213394002036004 0.02168780097716313 0.005766593762925437 0.0014260508333333334 0.10732649999999998 0.0816654719837813 0.1131736393592005 0.10171930739754563 0.08955711993227804 0.11161383496810653
27 378 0.10833845518168278 0 0 0.1479471679747442 0.10660086668883105 0.09131040541165812 0.09881904859405899 0.01559336385057062 0.008190214997302455 0.07744268761362853 0.09654221662409353 0.0178843415557518 0.09880497967958811 0.12794246963750255 0.0959166850667982 0.07622952656507409 0.10599918947246258 0.10974582829051462 0.10908574164417965 0.10826129820853674 0.10965565582842861 0.08619074014901258 0.02345925046167441 0.009873895772359382 0.026293155280971044 0.021279407900856487 0.005929046816936878 0.0014260508333333332 0.10624598632035763 0.08150153940991064 0.11269399106896533 0.1053840497709126 0.0860043871208962 0.11211825137424068
28 392 0.11163796122711653 0 0 0.15003027669593247 0.11614370367620205 0.09411625435287219 0.09877550861603619 0.015693917573055417 0.00853910836637991 0.08011068421172768 0.09893267224247217 0.01791862291929531 0.1059764488046845 0.1261145257820999 0.09532964517059098 0.08021749387030494 0.10835536644800743 0.11508962173960187 0.11088183487254748 0.11206410236265178 0.12778889580030406 0.0908036741466385 0.023836445243652513 0.010112964999999998 0.027080658333333327 0.021378240306414165 0.006060068 0.0014260508333333332 0.10732649999999996 0.08413140906300089 0.11427258494162415 0.10561854831097832 0.08748966930993007 0.11596942075327574
29 406 0.11757814153627558 0 0 0.15835052118349435 0.12781048529961084 0.09788238075590679 0.10367611801586654 0.016244999325400217 0.009151707939788494 0.08456572366510708 0.1 0.019101365172872906 0.11101916715948262 0.13532158258913135 0.0969121666693966 0.0854857498041711 0.11949263687764528 0.12127861025591301 0.11680860170217038 0.11628313283634575 0.1518891995452103 0.09683433234394184 0.024854526638115743 0.010112964999999998 0.027080658333333327 0.023161562379262948 0.006060068000000001 0.0014260508333333334 0.10732649999999996 0.08856004307405722 0.12008843707775942 0.11267472027671192 0.09000694766158537 0.12194622090607624
30 420 0.12459940797890186 0 0 0.17258014671899305 0.1359691743724032 0.10284982576542512 0.10758535007575985 0.016581297978728277 0.00966319712869086 0.08838172465808801 0.09925592262405317 0.020588663636793944 0.11118558843528055 0.1447014820735687 0.10301937826005286 0.08959661138803729 0.1358080461617921 0.13172202239109862 0.11992509278286928 0.11974385068441777 0.17102996624889177 0.1063635623133405 0.02548617828546813 0.010112964999999998 0.02708065833333333 0.023819013000000003 0.006060068 0.0014260508333333332 0.10732649999999996 0.0902803372475223 0.12754604624108412 0.12095350904686289 0.0956760501359436 0.12727255127599563
31 434 0.13077370350742334 0 0 0.1858061096154444 0.14575885338013087 0.11041973097509653 0.10903534793353876 0.016649647013448374 0.010038362012619484 0.09102341862749727 0.10000000000000002 0.02180466666666666 0.11565051959191863 0.15158227232195448 0.10629043036231124 0.09284376822980624 0.14933905723978888 0.1422255490080833 0.12515847108156639 0.12483479714694971 0.18700557127073683 0.11317497998153196 0.026411520622303394 0.010112964999999996 0.027080658333333323 0.023819013 0.006060067999999999 0.0014260508333333332 0.10732649999999996 0.094669866843677 0.13330976450206103 0.12769015051084112 0.09634620751370429 0.13502882867960272
32 448 0.13317027148771304 0 0 0.18909389214534486 0.14907312410806908 0.11402901859390718 0.10867553996184909 0.016646934339627027 0.009575160904751016 0.09241958671940194 0.10000000000000002 0.02161885136995234 0.11794115857040784 0.14928086786225497 0.10627166346914689 0.09460291420640203 0.16141724987381864 0.1472044545578157 0.12837240283577342 0.1244215029850204 0.1930090254410831 0.11603101378977831 0.026247597940375268 0.009836434765864228 0.027080658333333323 0.023819013 0.006060068 0.0014260508333333332 0.1007906314558225 0.0930302319371999 0.13314646810533595 0.12734208908402755 0.09574417421322495 0.13594438624720329
33 462 0.13212243227907097 0 0 0.1816633087857906 0.1455950915494432 0.11068546520360988 0.10680692436307444 0.016173234346864154 0.00939072151651466 0.09150377070718882 0.09684990493970655 0.021363010898869467 0.11965656007192484 0.14592854670097585 0.10468452853358533 0.09474516274117446 0.1657077761777161 0.14087211153391585 0.12643450716649746 0.11982963382799836 0.1955351877994013 0.11606743251691495 0.025170666068634807 0.009555674066567169 0.026578315251244964 0.023088982594023314 0.0060543230748165535 0.0013961568903508434 0.09984072486467366 0.09274348262833196 0.13132645950164784 0.12607473503690314 0.08956845656811516 0.12977843667954653
34 476 0.12994805375959403 0 0 0.17942370372504515 0.13992382132144884 0.11005471966641252 0.10122355410271941 0.015483240817455253 0.009115184543186038 0.08990947626948975 0.0981672714252458 0.02059423941179041 0.1174181832682899 0.14539543624189005 0.10426962279764745 0.09283999691217669 0.16474725783890531 0.13573556303916046 0.12010175390035378 0.11652733849751011 0.19293627861652884 0.11059361897480653 0.024133925373895717 0.00921834468965093 0.02538895938577149 0.022187223887806775 0.005994868720430003 0.0014260508333333334 0.09778964043477834 0.09088475432067378 0.1265049326069385 0.1299031720206389 0.08557045051290679 0.12707715613728546
35 490 0.12907854321173146 0 0 0.17968358201658066 0.13723910928116573 0.10917495508970015 0.10110050895441465 0.015211457028145975 0.008823085822819253 0.08759648676368254 0.09687725785058322 0.019603415224420453 0.1151552884194909 0.1473202834480181 0.10479691774895634 0.09346742950373889 0.16078819939907382 0.12915639552246527 0.12029850440450132 0.11137206786311228 0.1937058104371818 0.11209718095557279 0.023669422039387523 0.0091272385278116 0.02595949351514207 0.02228449563417779 0.00598678943962983 0.0014260508333333332 0.09445700798222459 0.09036283851245049 0.1206279060619343 0.12871899280739454 0.08286132954685445 0.12792133629259472
36 504 0.12816259852869302 0 0 0.17612161619819997 0.13478357127649138 0.10740919503965068 0.09847391771393194 0.014495306142960192 0.009098132930041131 0.08449830965142753 0.09443465828642007 0.019284687053246683 0.11208621589828932 0.14858897621385453 0.10370862934064444 0.1001822622281284 0.15893586842896712 0.12592786695339764 0.11774112268727126 0.11232333991623573 0.1870009516364347 0.11057275656144515 0.023224366543055486 0.009041512129153665 0.025683816166693768 0.022593838975292962 0.005756795545018697 0.001426050833333333 0.08833066001398156 0.0897763369044994 0.11947159870892068 0.12763481198168775 0.0823173038069623 0.12515115429209714
37 518 0.1270115653317563 0 0 0.17400887912989185 0.13709247425003934 0.10707926523394508 0.1021982478277301 0.014187123795017662 0.009035731647840693 0.08268451918681476 0.09206260864578132 0.018326873202796627 0.1111617955010807 0.1463506899715781 0.10349649644075672 0.09827355286378214 0.16026666852707214 0.12204851864174686 0.11580406142124215 0.11043720994164374 0.18721664232091512 0.10891726730277725 0.021986295070342297 0.008927448714568647 0.026521131158412616 0.02192471666956103 0.005683856910043568 0.0013969088170538502 0.08696410527286297 0.08865636809514602 0.11761560067857606 0.1264384448843891 0.08081031711868567 0.12170619868809639
38 532 0.1235414865049916 0 0 0.17106040687390253 0.13330349122705515 0.10517201069778481 0.09535016188059602 0.013514535446902377 0.00859651100744525 0.07767528865602535 0.0893617519048001 0.01795408302944025 0.1009005407665597 0.14358008919164322 0.10172269912159775 0.09655752466414798 0.15796159179841313 0.11737654636335007 0.11037490295843665 0.10490965922462002 0.1820393083700366 0.10375614845199484 0.021079395649366627 0.008683227688431114 0.026414294444229606 0.021279878641560415 0.00534842486333292 0.001353292199849445 0.08693330842130068 0.0847486029215855 0.11037511407313196 0.12553185010991505 0.07876525775345773 0.11681442805229361
39 546 0.12237411957593398 0 0 0.1719836925640778 0.13571440404813134 0.104150759087006 0.09646371044630775 0.013256680263674438 0.008359067968917614 0.07691200003693048 0.08837173480239438 0.017750086503139764 0.09931882971784695 0.14146916858590022 0.09317790907585762 0.0915374305557736 0.15626998221434024 0.11584948498047692 0.11114040354403966 0.10273779591609739 0.17713206227384057 0.10133282672058352 0.020272409824856525 0.008538846162972276 0.027080658333333323 0.021228988909068602 0.005043716748661457 0.0013155065335564832 0.08553659997540382 0.08357407148186247 0.10948186883183829 0.12391516876320058 0.07050854220793634 0.11463427730561251
40 560 0.1208880811203668 0 0 0.17269822173811505 0.13550778837757804 0.10366440002699354 0.09528313699540218 0.01319672265995465 0.008328208953293177 0.07793063922092562 0.08508679613692455 0.01774502965635149 0.09535331465445096 0.14251903159721327 0.09091929386261786 0.09093099411068085 0.148784190621315 0.11506116123586729 0.10990904839279994 0.10125470685708021 0.16805266619822545 0.10058847054436758 0.020447005927100706 0.008443935584892252 0.027080658333333323 0.02064740936194813 0.0049799803461398695 0.0012853482175349074 0.08875729200488466 0.0836145587496763 0.10901165415955603 0.12150320213602439 0.06789009553394326 0.11701536924912609
41 574 0.12106070553804747 0 0 0.17311496122112316 0.13758406794406658 0.10656689980651084 0.09598123771122159 0.013123859727068738 0.00830988391953421 0.0795584250834598 0.08510665699139541 0.01787268006029439 0.09388378121403394 0.14445780061196936 0.09048854732399433 0.0909604405424603 0.14610379302045678 0.1097509783490165 0.10822316450132839 0.10152886524986134 0.16765007178750585 0.0980585888545522 0.020290517281328902 0.008555332701559148 0.02708065833333333 0.02043998182763729 0.005023620593776338 0.0012512669398574757 0.0895648997633165 0.08434072164892609 0.11237342839319228 0.12084199305669947 0.0663828394599609 0.11931102761459692
42 588 0.12399472018557377 0 0 0.1767610615614561 0.14627438885907898 0.10619398586225623 0.09752732331367828 0.01344078539111089 0.008789932298554067 0.08260608612337841 0.0869182919566308 0.018270137380957795 0.09907245513466394 0.14454779689279149 0.0912496694760053 0.09327823441273346 0.15008272530715794 0.11216784263151153 0.11503404441824379 0.10298544098220379 0.17357559815284232 0.09884223472825639 0.021080049264195225 0.008573281793223827 0.027080658333333327 0.020549131532071947 0.005192054206239919 0.0012675515205602212 0.09554017289943055 0.08268768040839228 0.12096190573990415 0.12313455520440371 0.06945382909322849 0.12707523227408682
43 602 0.12659662491296408 0 0 0.17674664198530915 0.14995723618745838 0.106443965657049 0.10107994280092858 0.014156628161524512 0.008989097249291367 0.08333832967849275 0.0888075826270697 0.018321769343566753 0.1015523297669949 0.14648413730017026 0.09272833450436312 0.09582303463561725 0.15286549417753909 0.1097119802921805 0.11412489555714202 0.10577110297850868 0.18020034649947853 0.09975678223322136 0.021349372731098673 0.00862409657815559 0.027080658333333327 0.020554349944638416 0.005251407803647889 0.0012976705749584345 0.10179336299580442 0.08426332352088535 0.126218594193396 0.12796252123326726 0.07122790487562551 0.13991161487849704
44 616 0.12812191074922527 0 0 0.17601010421223207 0.15105756406130952 0.10625092368205548 0.10230490359339241 0.014632271269702254 0.008840261533141314 0.08448875855518456 0.0933576853113872 0.01834272287998663 0.1064757310178213 0.1483896786971856 0.09353593347418097 0.09704373816645573 0.1530930276059267 0.11361102222920448 0.11589155121155197 0.10605288732493731 0.17618614087286363 0.09774861864419801 0.021218851177533887 0.008307808957267702 0.027080658333333323 0.02057499819866928 0.00532381994179772 0.0012978950756358026 0.10572961129163815 0.08333347366215572 0.1302386506832138 0.1260832810454071 0.07195061332349431 0.14570573095772293
45 630 0.12865216934531393 0 0 0.175874309977136 0.15360487775581563 0.10533730511787193 0.10377154400516138 0.014764808017545079 0.008727091754527912 0.08097778557140337 0.09353167101394783 0.018008922103500764 0.10998942794882631 0.14793675977226012 0.09265125429929764 0.09843450429448411 0.1519098171100746 0.11441391557172587 0.12046272760974569 0.10535442376391028 0.17633335583893076 0.09702045685505867 0.020679436787415174 0.008560231954585851 0.026462227957896742 0.02052875834887517 0.005269055196035816 0.0013229921895462073 0.10732649999999996 0.08282484962833557 0.13010393027470682 0.1264998659412653 0.0734414958699483 0.1498879230084384
46 644 0.1262017001874739 0 0 0.1711373560554427 0.14743945777373896 0.10131584478639516 0.0977680166570655 0.01495806044010534 0.008657448026743437 0.07921394320708405 0.0921771677787443 0.01749365925619028 0.1080292560894167 0.1466041093879341 0.0866053481717242 0.09396114926431849 0.14873643002754222 0.11350597710356146 0.11412463131536092 0.10403995876292103 0.16944408260560895 0.09275830064124922 0.019871250676019893 0.008592919676694425 0.025640117997574277 0.019525792678809464 0.005194050703425486 0.0012634429185326027 0.10657456578186274 0.0820304623233367 0.12634164415017207 0.12086334378976465 0.0704995854923554 0.15109087421502404
47 658 0.12396238426806949 0 0 0.17291333624253982 0.14107441706428628 0.09857184640269295 0.09507734289884752 0.01427284249725364 0.008764867960443522 0.07725569046903717 0.08567916672705153 0.016954500006358626 0.10664563552931744 0.14706470520213386 0.08346169544932937 0.09124985802064309 0.14351022245445313 0.10746180742727737 0.11472305776609203 0.1017359839180016 0.1663891535175399 0.09276477601915978 0.019646792425385605 0.008449377992353953 0.02523598391439424 0.018735216297539062 0.004983987846557482 0.0012069588511357436 0.10480236889774755 0.0816415212075771 0.1295768080180708 0.11867175758161513 0.06895191154469893 0.15183448055545581
48 672 0.12191894273205557 0 0 0.17080693826898993 0.13515848103539294 0.0945731528850472 0.09338770678197744 0.013834916323734393 0.008773868677869008 0.07531744172481433 0.07960830876868735 0.016683233827510472 0.10401248494704443 0.14780274919641584 0.08251531147475165 0.08713725503897425 0.1464388117321241 0.10459832813460422 0.11521218710049323 0.09843813129314077 0.1652770556877856 0.09177890777952837 0.018256365288717023 0.008293534062728111 0.024131186407650995 0.018742394642653103 0.004841328826567256 0.0011152287290579902 0.09418420610663873 0.08089959322471615 0.12915468791521723 0.1137853902215977 0.0666246579154233 0.1504799472006613
49 686 0.12189925148153938 0 0 0.17071136898706282 0.13212318235464732 0.09361909231911787 0.09470768463606542 0.01391040324709769 0.008873696384894606 0.07456227036493951 0.07757517685118866 0.016516598191475853 0.10378259188833747 0.1485752465734815 0.08302277955647729 0.08997633188679643 0.14323728624357296 0.10156944101251468 0.11533931914229802 0.09587176477921654 0.16631174544225683 0.09402357923415883 0.017576435563837717 0.008197004040213037 0.02290446664306201 0.018517128129501365 0.004888273165077353 0.0010954926375510991 0.09425326943654612 0.0796215711643512 0.13062340129380115 0.11409465312104619 0.06748701322128606 0.16001401841667173
50 700 0.12070741405849196 0 0 0.16582277821788602 0.12812404621697854 0.09063721041910283 0.09296442148093605 0.01369930249678851 0.008771602302573865 0.07472310463857396 0.07551771595945525 0.016526684832291534 0.09705900751916777 0.1496146729250056 0.07853691687403681 0.08850363655799565 0.14054243739055175 0.09870524277432004 0.11622284000625452 0.09403444080159146 0.16522645813825013 0.09534885979549051 0.0170337933832785 0.008007938130295525 0.02261352976762255 0.017692554655491535 0.004867960409964394 0.0010536160129555208 0.09370333732318768 0.08046580623217477 0.1289756303428669 0.11114738063674648 0.06657559062656726 0.15923947968097962
50 700 0.12070741405849196 0 0 0.16582277821788602 0.12812404621697854 0.09063721041910283 0.09296442148093605 0.01369930249678851 0.008771602302573865 0.07472310463857396 0.07551771595945525 0.016526684832291534 0.09705900751916777 0.1496146729250056 0.07853691687403681 0.08850363655799565 0.14054243739055175 0.09870524277432004 0.11622284000625452 0.09403444080159146 0.16522645813825013 0.09534885979549051 0.0170337933832785 0.008007938130295525 0.02261352976762255 0.017692554655491535 0.004867960409964394 0.0010536160129555208 0.09370333732318768 0.08046580623217477 0.1289756303428669 0.11114738063674648 0.06657559062656726 0.15923947968097962
