% # columns="iteration, evaluation, void, void, void, xmean", seed=1099212, Thu Jul 31 09:58:59 2025, <python>{}</python> # scaling_of_variables: 1, typical_x: 0
1 14 0 0 0 -12.116316627521918 -3.816024712775544 2.0554571725464954 1.2026891475211328 -0.10548188104674991 0.06180175000755305 0.08284325478038707 0.0409464946568922 0.1280895627616432 0.9220208206652059 0.9301225040212001 1.080358707914416 1.8045939022093491 -23.765721846982043 -12.128342980827123 -1.7753847390490265 2.4559389092487516 2.013581796389375 1.9548664523331807 -0.16487245466814096 -0.06299259269190685 0.167590255416581 0.14643487830026966 -0.03600541278200598 -0.008477151191985187 0.6405833396957702 1.058166704474488 0.8316162141531934 1.0142876589176708 1.2195167166979006 2.509907408046938
2 28 0 0 0 -12.110369989077935 -3.8397287551271626 2.1202015544549426 1.19969641492456 -0.10596294930818187 0.05777043211209447 0.18722955774582492 0.04984228540591302 0.11876416040144433 0.9802618436602459 0.9145582073268088 1.0812981397331436 1.8432064732397415 -23.79905400426841 -12.115054871650097 -1.8264296163394604 2.5567975260683107 2.0469966553937096 1.9258617936173303 -0.16871202874788227 -0.06337813198668679 0.16503117828047772 0.14460926487855982 -0.03749281543792847 -0.00833748150181734 0.6614390360653708 1.0818739776342496 0.8406857161578821 0.9799170081794658 1.1841239021220027 2.5636429599449246
3 42 0 0 0 -12.095009173508915 -3.864856754631015 2.141397084237337 1.2175140706618945 -0.11318263890049035 0.05714021209115578 0.22745359274796909 0.008288066559916929 0.11844709746955194 0.9998109847493238 0.9025982640052009 1.0921428373293371 1.8414881029500059 -23.779799991591076 -12.163465077896607 -1.8161980564753966 2.547741351410725 2.033453254675332 1.9571687409886274 -0.16506193982396733 -0.06466185335886336 0.16224624375146982 0.1490233148230223 -0.0369807523607363 -0.008367278049727513 0.6405612410715639 1.112889761337541 0.8442463895780946 0.9934678722389045 1.1245751151910668 2.5998228914973507
4 56 0 0 0 -12.134641127123809 -3.8738245829491977 2.133384636932834 1.244800207460396 -0.1169032700665624 0.0568255431149822 0.31481871883240037 0.003039771612145212 0.11619925868967493 1.028847353772546 0.890243639763492 1.1211222798451774 1.9045955904288872 -23.791506050501678 -12.124271543855892 -1.799875803497581 2.507541098707762 2.060313549844163 1.9133965714868546 -0.16386223757668245 -0.06420802896719695 0.15002949741541527 0.15273273382876137 -0.036895073185507346 -0.008004478030411417 0.6263778272710705 1.0865850320681247 0.8392181991932705 0.9704170340536044 1.099030387970193 2.5995265710953697
5 70 0 0 0 -12.08487165111187 -3.8336210376941295 2.1542279280015446 1.2659155089839573 -0.11768943881661913 0.05825155035546291 0.2909583109935558 -0.009970810682361136 0.1198392471739829 1.05175362835055 0.8885645886683733 1.0830430210241107 1.9625208372443694 -23.788928604969637 -12.056153146313651 -1.721178352034063 2.446726134467132 2.102245571894189 1.9012691528998795 -0.16395120162668647 -0.0638843097185006 0.14081114743196207 0.15071398689858867 -0.036083973947973746 -0.007932438038256457 0.6077606857496551 1.0793808397067985 0.8350724530398783 0.9356646081395997 1.0966705942624861 2.6188830720027005
6 84 0 0 0 -12.118233823684012 -3.8418328067471315 2.0956026580280778 1.2469107218645168 -0.11518488242981312 0.05776383717887843 0.26891429819152324 -0.05019471516609305 0.11858366588294303 1.0480832345377207 0.853518232294343 1.0844068734033379 2.0378419070625777 -23.823859147653874 -11.978487798908242 -1.760233987695805 2.409118476490682 2.12882279324757 1.829420290089814 -0.1644958089948702 -0.06481499622722268 0.1329316754131574 0.15096371988152282 -0.03622728653277152 -0.007963062577267116 0.6192504715276668 1.0744896532505697 0.8050363511434526 0.927379219438158 1.0707540667346045 2.5837821253216946
7 98 0 0 0 -12.184927358299003 -3.7971914495766654 2.031629566975455 1.2750588839900368 -0.11833319057796562 0.05951200362580117 0.2238517639898882 -0.04858699396155203 0.11403772120311018 1.0668745597518106 0.8218763726349684 1.095940589804819 2.023396030293314 -23.789452447413055 -12.043637329981673 -1.8126689271594378 2.388902934356226 2.13175226998557 1.8506193332309775 -0.16465524832899325 -0.06598592544054378 0.12700110244654902 0.14691238142860563 -0.03544439805088111 -0.007998729849315097 0.6113104739872506 1.0964823235869705 0.7763472859971037 0.9473262789240604 1.1159193358992316 2.6317666573726233
8 112 0 0 0 -12.19438124463895 -3.867254015034409 1.9978503675752746 1.2618288020049886 -0.12122208750213812 0.05915378684660758 0.30275574920498693 -0.06789035125136357 0.11481757119575027 1.0216599605932415 0.7990665978283705 1.0361540196420471 1.9954972195046758 -23.886796081171283 -12.015883917255 -1.7863041691058235 2.364139277015686 2.14833516232427 1.8768607112214049 -0.15813746615016766 -0.06122170925660433 0.12900938308621948 0.145205230933254 -0.03500333205833831 -0.007991926506832354 0.6126469222732479 1.1089771856283184 0.754074448374987 0.9596595904987795 1.1297809232018041 2.5798165261199926
9 126 0 0 0 -12.176716621625642 -3.8354079952193962 2.007597971105598 1.2929489291731626 -0.118747732456421 0.05705250479617632 0.31696799264335956 -0.06958622160347946 0.1115330044501508 1.0499776262013287 0.7946654682378372 1.0306025368011402 2.0172178033155217 -23.862464995356014 -12.02362712334175 -1.7426412692580249 2.40873735311368 2.20300785362662 1.9261948113312914 -0.1648917546438503 -0.06388687548598437 0.13957482720027142 0.14149266584392017 -0.03313401329195428 -0.008010258361364864 0.6042076937444676 1.094971557898316 0.7682832785383095 0.9303131615732511 1.0387267828981481 2.5899406607137676
10 140 0 0 0 -12.191150105284368 -3.8017870764114066 2.0200442469503583 1.3141799940728591 -0.11910279020881463 0.05812080120698112 0.34379141629450005 -0.08888736835017068 0.10943668045535705 1.0556963399213546 0.7899517631841443 1.0192246770700883 1.9082561266875666 -23.878297573045398 -12.018135447920434 -1.7288878188528936 2.3320627951005206 2.187938150592793 1.9384258026126249 -0.1609876107999297 -0.06642863830661945 0.14063845031269062 0.1449943141939518 -0.03494613338459849 -0.008377576108420961 0.5991204302482496 1.0924760394461113 0.7479204121172098 0.9014294465014966 0.9973793034500295 2.5382761274714034
11 154 0 0 0 -12.204351225370253 -3.776174975609215 1.9626772392529475 1.331636640795192 -0.12247671177460587 0.05881485578517359 0.37962673527434776 -0.12346511159539209 0.1100237141801538 1.003063088937921 0.7793718254724841 0.9467903845241755 1.8878770910924554 -23.859534473488484 -12.026310869006073 -1.69704062340539 2.421948410940919 2.2031267274632733 1.9579014748316221 -0.16657352968644637 -0.06461210246894669 0.13815516396681202 0.1442415264770394 -0.035174322538161544 -0.008236373043864367 0.6087966584162885 1.184757347182985 0.7149314310945364 0.9272462630711981 1.0024507470250708 2.4534911039248497
12 168 0 0 0 -12.231514103137657 -3.7881382818439913 1.989979546270512 1.3595165138976586 -0.12407932284838366 0.05653215365369544 0.38761665376076576 -0.12197782987587565 0.11522481477363886 1.0070734947375437 0.7703806549014127 0.9062493599956738 1.9204447128853972 -23.88770741608971 -12.000580756036523 -1.7159488844603255 2.464519386637136 2.2032201321658635 1.9416934687822809 -0.16863089897956463 -0.06353051469360906 0.13860550640164707 0.14383439441221577 -0.03428416505933099 -0.007985337163446871 0.626029353732395 1.1598870009176827 0.7003631174644446 0.9004468188680551 1.0332460330407895 2.445648201726852
13 182 0 0 0 -12.22398865239678 -3.807100922067774 2.015951002242003 1.3753597524096537 -0.12710664622520143 0.056268014849144045 0.40031575335853775 -0.11049060708205263 0.1152203099862355 1.0289653342049918 0.78439879158865 0.8742995915677377 1.9833193432211627 -23.905768050627366 -12.00076710509313 -1.6980906267978224 2.4997028219609474 2.229431589467693 1.9755253642922255 -0.1696511724997696 -0.06490362004683559 0.1339984715409063 0.14022973950902956 -0.03444030091733109 -0.008268564049668813 0.6411913823549302 1.1584425380202783 0.683757884942029 0.8728948672262309 1.0219115227096733 2.4529554199830867
14 196 0 0 0 -12.255565799166957 -3.7935970160026766 2.0519079875388 1.3874448561347472 -0.12468245165167395 0.054421236754967794 0.36712825751382705 -0.19811905276795333 0.11589766234977684 1.0279183918507278 0.757060883747131 0.8641151594304413 1.9627541691260988 -23.9083127324856 -11.989191968256405 -1.6813980212367836 2.499962805472639 2.3010932050218313 1.9954573888478975 -0.16726817665738317 -0.06215892770207542 0.13568655033018828 0.14098170002795496 -0.035070216822795736 -0.00862039933270586 0.6434551461046503 1.1408537276979238 0.683229790705953 0.9014117592447396 0.9854574127628961 2.443661748318854
15 210 0 0 0 -12.282136668293399 -3.768249111722338 2.055438748733261 1.3936870660939167 -0.12368791792456714 0.057580459906635705 0.3704495463198917 -0.23873161600810813 0.11889759947581895 0.9912826888676562 0.8038754161578203 0.8478794534129099 1.957805099198231 -23.91621103773832 -11.95525054373501 -1.6960289199875276 2.5064456150142345 2.2979671327290805 2.0077390129755877 -0.16370430477742484 -0.06053122865942772 0.13325454559279679 0.13825684626709747 -0.034990897225223895 -0.008441575877985733 0.6479618167694497 1.1454583970274705 0.6881874980481701 0.9006405071731955 0.9857730509161834 2.4236242609975447
16 224 0 0 0 -12.230873612403013 -3.7729086702350414 2.0164437240919586 1.4024104939330189 -0.12365494019097985 0.057306454677368245 0.39388414912791236 -0.22650238506375853 0.12078561072484166 0.9899687202648618 0.7825245431315359 0.8470100532412007 1.9486182677109192 -23.963492256423148 -11.959140428986409 -1.7099246142775248 2.5498152171762842 2.2678575183667453 2.0380996930849453 -0.1697616269597429 -0.06189182274243136 0.13334136407606922 0.1409792491549363 -0.0351256339469241 -0.008424409889384294 0.6368484007503301 1.1564551311989053 0.6600175389301316 0.9202225365240068 0.9913564352467614 2.4115542717898206
17 238 0 0 0 -12.218669270694335 -3.7995735197536575 2.02173649429032 1.3930609596427472 -0.11918031271576918 0.0566640608347314 0.3852992759201746 -0.2204276324790467 0.11930746646502902 0.9879867596574988 0.7948490201064946 0.8746855864530793 1.9483665846756886 -23.965633787928542 -11.93495505308617 -1.6936102159969746 2.507357342531628 2.2816293342895047 2.000088932479971 -0.16871348604277864 -0.06209935139416579 0.13529439805263507 0.13934450168124698 -0.035494062026803545 -0.008553658118662277 0.6442085141347146 1.1604325464896992 0.6756410625735048 0.899284347515629 1.0057406403039042 2.4417328012750428
18 252 0 0 0 -12.191316624448623 -3.8059135662545054 2.025458863832821 1.372606778378176 -0.1187812405489146 0.05678814981205471 0.4011803728736266 -0.21713325918108203 0.11589397886747359 1.0087668782325874 0.8044443286255246 0.850545780091697 1.9426636353466975 -23.961456060630855 -11.911427225298057 -1.709248462258213 2.51399067988407 2.264908988139731 1.98760969154343 -0.1679763240776693 -0.06353445279660733 0.1321313348581432 0.13917073357262763 -0.03463249153620543 -0.00856707853902549 0.6608677302309934 1.174662586909542 0.6585630190459691 0.9051130239280828 1.0314465829223847 2.447527595082505
19 266 0 0 0 -12.244993814623344 -3.8109524039930633 2.0121950659735677 1.364938097457524 -0.12128497438712217 0.055783649622230536 0.37469114151081395 -0.18362782221832252 0.11267462143430505 0.9967100962440175 0.7758161444495232 0.8722221219418345 1.934166449516953 -23.929981495488125 -11.910545729706154 -1.702010987601485 2.578400919676231 2.2563662453687523 1.9515056874086705 -0.16781125824248588 -0.0636347958743687 0.13165216718659487 0.13768087679681726 -0.03495364687185861 -0.008436125984775483 0.6454376360192826 1.1606558500105424 0.6272616205058562 0.934009537353061 1.0195961540085168 2.447002132562742
20 280 0 0 0 -12.230446150884747 -3.7927362042324755 2.0187824906712226 1.3846388187404643 -0.12297677568277458 0.05542506332724915 0.3818489117639499 -0.21212019024786544 0.1103696458559179 1.0092515796112735 0.7891308717179449 0.887722824914233 1.9427469734941314 -23.963762738239545 -11.871652191349748 -1.6902086416647175 2.54652056672476 2.2798339955648474 1.9855448697538751 -0.17184275392688006 -0.06287576547443592 0.13163869329578134 0.13981966193791664 -0.034985724845974384 -0.008403222608113074 0.6536493177412132 1.1804173889774916 0.597950509952249 0.9258220566532178 0.9841271434498443 2.454181009349152
21 294 0 0 0 -12.235204740255789 -3.7795367237914683 1.9852712903061165 1.383863971640138 -0.12231377318310162 0.05512418257454062 0.3975308845265891 -0.2231388630213219 0.11000659999044307 1.002753713931178 0.7810473238030509 0.8790041117046068 1.9780972069178602 -23.971573821886548 -11.88156117012755 -1.6635308113207858 2.5302526917360098 2.25909054729459 2.0001324959183324 -0.17369184134505963 -0.06283116118911661 0.13390970851966735 0.13987043715677122 -0.03530927541655984 -0.008407060994190495 0.6515695924813639 1.152446309531635 0.6186597435905308 0.9279182164797236 0.9855113156021942 2.40534583890332
22 308 0 0 0 -12.213406379091563 -3.7965772463521934 1.984660382406182 1.372438535920745 -0.12374597964291041 0.054740477107471895 0.40324485631886814 -0.22168126435433677 0.10934516600153431 0.988827181397497 0.777407031600702 0.8760288822160275 1.9453281278882768 -23.951188288684616 -11.905740833377125 -1.6541804643870996 2.525269810718266 2.2666227780004147 1.9772281949715673 -0.17202048284866805 -0.061841231712046654 0.13295778141118067 0.13799619565929003 -0.03532118637076456 -0.008479689974680817 0.6418268745107917 1.1484761663061804 0.6115016392765577 0.9170260092956611 1.0106983363864062 2.4162529500079186
23 322 0 0 0 -12.211024078934544 -3.8227544661803523 1.9550361512453995 1.3589310335338651 -0.12423979792372203 0.05508595315143281 0.41079081325407457 -0.20556663910764425 0.11070405570246954 0.9817875141738134 0.7803205407570999 0.888396856600804 1.9426682750109554 -23.976689906942067 -11.874925425942545 -1.6796463999460347 2.5071790346922374 2.266995265291582 1.9415593334203058 -0.16936263295953807 -0.06235115587957009 0.13428253639144452 0.1412265562855131 -0.03478459583013508 -0.008537837706538232 0.6441776071779609 1.1473246102773877 0.6330067512543482 0.8896483061127627 0.9783951024465094 2.3914468462975185
24 336 0 0 0 -12.224282093784398 -3.8320646096613498 1.9450338473910644 1.3679717879024538 -0.12296633629061858 0.05600451529656123 0.4332881066912439 -0.2142337797378356 0.11333776440052422 0.985920374477749 0.7747874124526503 0.8908716748388069 1.9441228672163888 -24.00711578188083 -11.87253085309408 -1.6894595379925537 2.528397037421585 2.2888119970635366 1.9257057970560703 -0.16889739859335112 -0.06227432481936652 0.1334207967823462 0.14160974400762844 -0.03498836923926225 -0.008446226372737327 0.6436144731496246 1.1552718790319283 0.6468014729939937 0.8510107901693947 0.9620492283451064 2.395089800804237
25 350 0 0 0 -12.208957339531844 -3.8416564965899296 1.938706954252778 1.4051587281608877 -0.12211350858235608 0.05579802948145577 0.42991597545778587 -0.22939841766733376 0.1114874058610177 0.9856359838093715 0.7558490838781671 0.9155031986131721 1.9407988050771128 -23.996922212274015 -11.843336139810031 -1.6712436370305166 2.5104928321366264 2.3088309349396985 1.936473752972986 -0.1640190343033162 -0.06204904482115005 0.13499960058130375 0.1423146045298144 -0.03514856368710006 -0.008438813081238011 0.6316014173914843 1.1350898872869293 0.6524402222654583 0.8594994587839726 0.9562158489174879 2.3980434395834775
26 364 0 0 0 -12.214334026985332 -3.8513567781515556 1.9289340570404137 1.4072690421600715 -0.12312548141374546 0.05614522545115126 0.4097525050532923 -0.2133780428510154 0.11196352859270697 0.9810240490501938 0.7745556667670237 0.9287288904534727 1.9137762998934982 -24.01439590397519 -11.82607621207996 -1.68994307811614 2.510191155086679 2.318655941514309 1.9386366324875197 -0.16147810007185917 -0.0624385407108847 0.13575897006892393 0.14132096163401758 -0.03527562645220141 -0.008307804253856677 0.6383525166074547 1.1513952718653433 0.6707404811642887 0.8430660769965649 0.95911210761254 2.3918098470132656
27 378 0 0 0 -12.231455157465616 -3.8486728932794003 1.9124562738298279 1.3902936857405201 -0.12339969774411093 0.05651052661736664 0.4193547875966308 -0.18447653388353935 0.11012611527220492 0.987026366079593 0.7733260182126759 0.9294194868439124 1.893527252169444 -24.029205930055618 -11.833473209535422 -1.6775969673186435 2.5158313663866996 2.317182518874199 1.9713559551073927 -0.1635556081409081 -0.06211369984869027 0.1342789794054965 0.14207180743412248 -0.03517175046314429 -0.008284644190388997 0.6403729167259926 1.138827826892846 0.6946662853582337 0.8415868985167875 0.9554201914836399 2.387078258974911
28 392 0 0 0 -12.22556036062489 -3.8584003899004675 1.920999299730272 1.3915360870289903 -0.12225463170094251 0.05750342390651134 0.4151140724046159 -0.16566132598240477 0.11015743424140136 0.9915321991956203 0.771475173246925 0.922473861655046 1.893017298777379 -24.032143178475437 -11.790285081866854 -1.6697259499882515 2.498038053031172 2.323820968220289 1.9572913689930496 -0.16050174856057473 -0.06251708769538834 0.1367472088454333 0.1424442121899007 -0.034692132003571824 -0.00826390654238735 0.6448966701424373 1.1684440007928845 0.6675562523957145 0.8431720396933825 0.94978063949216 2.3722766147483103
29 406 0 0 0 -12.238250970244422 -3.8715003187047166 1.8967288514151612 1.3885087011326618 -0.12109140686712713 0.05713977868289057 0.4323670351309531 -0.17874741935391145 0.11139657015312698 0.9813737986700113 0.7908733384240662 0.9295829505754782 1.9181370289351511 -24.015329262651232 -11.812514835088074 -1.646185394340268 2.48032631164667 2.3225221813545835 1.9419480147404833 -0.15969727334631648 -0.06301806963116804 0.13576018623610214 0.1412962356531464 -0.0354947680678996 -0.00835585950904663 0.6383944869595195 1.1818537069830946 0.6655862589188668 0.8499959088261392 0.9653651635805773 2.3907601798568487
30 420 0 0 0 -12.225160603789655 -3.878609678971841 1.9071652587089274 1.3777914054597404 -0.12230501730281461 0.056840086305884656 0.42074981636553693 -0.19699345925505374 0.11120035180485692 0.9771897300024828 0.7882941496246374 0.9491602128204184 1.910100714294641 -24.019021167328194 -11.829195230432711 -1.6529169866086324 2.485442751118728 2.319839738495743 1.967053340449019 -0.1588977859542692 -0.062466115257689345 0.13680419564930782 0.14156352431548894 -0.03529917692104351 -0.008423777138904616 0.6406943067341341 1.1793105619480198 0.6419882070084136 0.8525588900700636 0.9616626566095301 2.3915876739203843
31 434 0 0 0 -12.215743302836911 -3.8819438971051534 1.9178880295909324 1.379626822096398 -0.12191875689113059 0.05582909636991105 0.41477410134661624 -0.19472834449254925 0.1117345481110434 0.9755408865894745 0.7948262818124355 0.9353066770486312 1.9141338207383818 -24.009244719630267 -11.833426980341775 -1.6641938233462017 2.464428820944682 2.337168237391884 1.970029279902635 -0.15913192258243727 -0.06225313715296272 0.13718830328718837 0.1445533265474776 -0.0349167425798379 -0.008429598319911956 0.63919087757071 1.1690883059843824 0.6524738928461571 0.8496232566087949 0.9674283341108214 2.396340581988409
32 448 0 0 0 -12.22634956841969 -3.8825442661909184 1.9084782297721659 1.384963398776685 -0.1218590845896493 0.05721107100975961 0.4183489685942947 -0.19128889939856836 0.11000408383897856 0.9741627072428907 0.7903959944445222 0.942659143544466 1.894545906040214 -24.00984554113003 -11.816385964971401 -1.6679785080334164 2.482961113444584 2.3344514211678806 1.9525118452074586 -0.16000434156602708 -0.062037269691842645 0.13736825853799894 0.1440219988704206 -0.035271184289015815 -0.00835438522401614 0.6341157198870857 1.166584673132308 0.6505076427865528 0.8356318486872144 0.960474891545046 2.422297822238568
33 462 0 0 0 -12.238167491941631 -3.8804295352555034 1.915036435621215 1.3810344805057835 -0.12113618046099549 0.05761406075888932 0.41794597882780815 -0.20470350592079736 0.10846794938114422 0.9800046753448998 0.7887594330554393 0.9590361345780037 1.8861645129744553 -24.013544546457712 -11.820768772547188 -1.6603532189020451 2.4806849134836044 2.318400121172486 1.9633825128823772 -0.1606446834303527 -0.06217902798262615 0.1367641163287716 0.14184270774854485 -0.03571366191942724 -0.008262450354667807 0.6348458888203115 1.1688697691540295 0.6566423359126649 0.843730308063488 0.9580437416751411 2.4203400541582525
34 476 0 0 0 -12.24987449369641 -3.8725289724615486 1.9193461902537035 1.3858366027144793 -0.12062217847024397 0.057350530490114904 0.3996598640074678 -0.2025768054334889 0.110392711294528 0.9794573849240293 0.7958188531427429 0.947815446137921 1.8883688930969547 -24.02536093246942 -11.829667476904161 -1.6536421885752937 2.462436291906384 2.319716852856696 1.9809653156459772 -0.15753554330374986 -0.061570100530185176 0.13759240338965462 0.14212254664441448 -0.03526610098003785 -0.008186527390564859 0.6343805575804043 1.1691763508304007 0.6659783822734182 0.8561131613969639 0.9494610684828804 2.4173789562200123
35 490 0 0 0 -12.230867026106537 -3.862859609517683 1.9008475530599387 1.3927896180696058 -0.11984368860720203 0.05751244953795946 0.3994397674122699 -0.19874268557593153 0.11135209439152148 0.9819070268913326 0.7933987190519862 0.9480198375173468 1.8852371118850904 -24.03162549932573 -11.829397431437219 -1.6682162255947868 2.4799773755733936 2.318050197446534 1.9830032772654274 -0.15976567748127699 -0.06202869650737503 0.13721682079475064 0.1410860717297197 -0.03537064421273552 -0.008165438543552325 0.6384533233028417 1.1763487958209278 0.657956902565674 0.8523707298842133 0.960358081134464 2.4209110874786943
36 504 0 0 0 -12.225943182086594 -3.872866593150523 1.903984942336534 1.3928646988564746 -0.1203233358346505 0.05761157705007395 0.40971694866875275 -0.18334856183693038 0.1113470801686685 0.9771672745940571 0.7934980610844001 0.9319439098250352 1.8886672127440864 -24.0390553594099 -11.835192372910617 -1.671112684470384 2.4735447698630657 2.3216776691348784 1.9731953840796554 -0.15955269791206064 -0.06223724457999464 0.13557794015478178 0.1404430008355562 -0.035327792188953815 -0.00818487048284561 0.6380776853394023 1.1698649876150544 0.6534689938464333 0.8505665317724243 0.9495847987800217 2.4168062400960064
37 518 0 0 0 -12.233203083859856 -3.866336799312762 1.8997074615008909 1.3888916221731005 -0.12008781827842922 0.057940162895435195 0.4122275387333582 -0.19099416236148128 0.11073842150089619 0.9803245593132892 0.7887339053848315 0.933355494927431 1.8914162312636291 -24.038121125864713 -11.828826825925937 -1.660282847558014 2.490285160640573 2.3208041387083393 1.9730057189967256 -0.15834318585508445 -0.062045734447684464 0.13687865501760663 0.14147318479111595 -0.035427442174628225 -0.008208086587588806 0.6370768059228674 1.175487367742438 0.6590113042442932 0.8510094741278269 0.9481254206192798 2.41559439498688
