 -1.0361560062713828E+00 -1.0905431794728146E+00
 -5.1807800313569152E-01 -5.4527158973640721E-01
 -5.1807800313569130E-01 -5.4527158973640732E-01
  0.0000000000000000E+00  0.0000000000000000E+00
  0.0000000000000000E+00  0.0000000000000000E+00
  2.4220872794363541E-02 -2.1811961705467302E-03
  0.0000000000000000E+00  0.0000000000000000E+00
  0.0000000000000000E+00  0.0000000000000000E+00
 -2.4220872794363541E-02  2.1811961705467302E-03
  0.0000000000000000E+00  0.0000000000000000E+00
  0.0000000000000000E+00  0.0000000000000000E+00
  0.0000000000000000E+00  0.0000000000000000E+00
  0.0000000000000000E+00  0.0000000000000000E+00
  0.0000000000000000E+00  0.0000000000000000E+00
  0.0000000000000000E+00  0.0000000000000000E+00
  0.0000000000000000E+00  0.0000000000000000E+00
  0.0000000000000000E+00  0.0000000000000000E+00
 -3.3909221912108961E-02  3.0536746387654218E-03
  2.5118434395172291E+00  2.3255360195131862E+00
  1.2559217197586146E+00  1.1627680097565931E+00
  1.5502735615488537E-16  0.0000000000000000E+00
 -1.4408008744124867E-17  0.0000000000000000E+00
  2.7290183471492217E+01  2.6372185017480511E+01
 -1.5502735615488865E-16  0.0000000000000000E+00
  1.4408008744137011E-17  0.0000000000000000E+00
 -2.7290183471492206E+01 -2.6372185017480511E+01
  0.0000000000000000E+00  0.0000000000000000E+00
  0.0000000000000000E+00  0.0000000000000000E+00
  0.0000000000000000E+00  0.0000000000000000E+00
  0.0000000000000000E+00  0.0000000000000000E+00
  0.0000000000000000E+00  0.0000000000000000E+00
  0.0000000000000000E+00  0.0000000000000000E+00
  0.0000000000000000E+00  0.0000000000000000E+00
  0.0000000000000000E+00  0.0000000000000000E+00
  0.0000000000000000E+00 -4.9836309193083439E+00
  1.6867594813717335E+00  1.5230939297717339E+00
  8.4337974068586674E-01  7.6154696488586682E-01
 -9.2194494101972977E-17  0.0000000000000000E+00
 -2.3720446534716568E-16  0.0000000000000000E+00
  1.8938801963978079E+01  1.8535767134367177E+01
  9.2194494102001475E-17  0.0000000000000000E+00
  2.3720446534716711E-16  0.0000000000000000E+00
 -1.8938801963978012E+01 -1.8535767134367177E+01
  0.0000000000000000E+00  0.0000000000000000E+00
  0.0000000000000000E+00  0.0000000000000000E+00
  0.0000000000000000E+00  0.0000000000000000E+00
  0.0000000000000000E+00  0.0000000000000000E+00
  0.0000000000000000E+00  0.0000000000000000E+00
  0.0000000000000000E+00  0.0000000000000000E+00
  0.0000000000000000E+00  0.0000000000000000E+00
  0.0000000000000000E+00  0.0000000000000000E+00
  0.0000000000000000E+00 -4.1750063006058351E+00
  1.0998733906707205E+00  9.4640483822465404E-01
  5.4993669533536027E-01  4.7320241911232674E-01
  2.7056745595384883E-18  0.0000000000000000E+00
 -1.9469720365861719E-18  0.0000000000000000E+00
  1.3806917328188435E+01  1.3613980464996294E+01
 -2.7056745595383064E-18  0.0000000000000000E+00
  1.9469720365754514E-18  0.0000000000000000E+00
 -1.3806917328188488E+01 -1.3613980464996294E+01
  0.0000000000000000E+00  0.0000000000000000E+00
  0.0000000000000000E+00  0.0000000000000000E+00
  0.0000000000000000E+00  0.0000000000000000E+00
  0.0000000000000000E+00  0.0000000000000000E+00
  0.0000000000000000E+00  0.0000000000000000E+00
  0.0000000000000000E+00  0.0000000000000000E+00
  0.0000000000000000E+00  0.0000000000000000E+00
  0.0000000000000000E+00  0.0000000000000000E+00
  0.0000000000000000E+00 -3.5601660409510747E+00
  6.6432937511191148E-01  5.1636487297659517E-01
  3.3216468755595574E-01  2.5818243648829742E-01
 -4.6721915795051154E-16  0.0000000000000000E+00
  2.4696748235977515E-16  0.0000000000000000E+00
  1.0430212806252435E+01  1.0303475539801280E+01
  4.6721915795050918E-16  0.0000000000000000E+00
 -2.4696748235976529E-16  0.0000000000000000E+00
 -1.0430212806252424E+01 -1.0303475539801280E+01
  0.0000000000000000E+00  0.0000000000000000E+00
  0.0000000000000000E+00  0.0000000000000000E+00
  0.0000000000000000E+00  0.0000000000000000E+00
  0.0000000000000000E+00  0.0000000000000000E+00
  0.0000000000000000E+00  0.0000000000000000E+00
  0.0000000000000000E+00  0.0000000000000000E+00
  0.0000000000000000E+00  0.0000000000000000E+00
  0.0000000000000000E+00  0.0000000000000000E+00
  0.0000000000000000E+00 -3.0681239859961598E+00
  3.3088482556670112E-01  1.8742292362876245E-01
  1.6544241278335056E-01  9.3711461814381058E-02
 -1.3706763176613693E-16  0.0000000000000000E+00
  1.8551038111258223E-17  0.0000000000000000E+00
  8.0922610861482749E+00  7.9631244020545706E+00
  1.3706763176613099E-16  0.0000000000000000E+00
 -1.8551038111256920E-17  0.0000000000000000E+00
 -8.0922610861482642E+00 -7.9631244020545706E+00
  0.0000000000000000E+00  0.0000000000000000E+00
  0.0000000000000000E+00  0.0000000000000000E+00
  0.0000000000000000E+00  0.0000000000000000E+00
  0.0000000000000000E+00  0.0000000000000000E+00
  0.0000000000000000E+00  0.0000000000000000E+00
  0.0000000000000000E+00  0.0000000000000000E+00
  0.0000000000000000E+00  0.0000000000000000E+00
  0.0000000000000000E+00  0.0000000000000000E+00
  0.0000000000000000E+00 -2.6600274123315311E+00
  6.9506836206620598E-02 -6.8725977813682171E-02
  3.4753418103310299E-02 -3.4362988906841085E-02
  2.3463500109980474E-17  0.0000000000000000E+00
 -2.4095399718662978E-17  0.0000000000000000E+00
  6.4088334020059463E+00  6.2464629305717523E+00
 -2.3463500109973880E-17  0.0000000000000000E+00
  2.4095399718657771E-17  0.0000000000000000E+00
 -6.4088334020059445E+00 -6.2464629305717523E+00
  0.0000000000000000E+00  0.0000000000000000E+00
  0.0000000000000000E+00  0.0000000000000000E+00
  0.0000000000000000E+00  0.0000000000000000E+00
  0.0000000000000000E+00  0.0000000000000000E+00
  0.0000000000000000E+00  0.0000000000000000E+00
  0.0000000000000000E+00  0.0000000000000000E+00
  0.0000000000000000E+00  0.0000000000000000E+00
  0.0000000000000000E+00  0.0000000000000000E+00
  0.0000000000000000E+00 -2.3131322308725148E+00
 -1.3918400006912679E-01 -2.7073923009652212E-01
 -6.9592000034563395E-02 -1.3536961504826117E-01
 -5.0273330015180398E-18  0.0000000000000000E+00
  7.2199996699172378E-17  0.0000000000000000E+00
  5.1586525684830704E+00  4.9519971089477526E+00
  5.0273330015158735E-18  0.0000000000000000E+00
 -7.2199996699179022E-17  0.0000000000000000E+00
 -5.1586525684830846E+00 -4.9519971089477526E+00
  0.0000000000000000E+00  0.0000000000000000E+00
  0.0000000000000000E+00  0.0000000000000000E+00
  0.0000000000000000E+00  0.0000000000000000E+00
  0.0000000000000000E+00  0.0000000000000000E+00
  0.0000000000000000E+00  0.0000000000000000E+00
  0.0000000000000000E+00  0.0000000000000000E+00
  0.0000000000000000E+00  0.0000000000000000E+00
  0.0000000000000000E+00  0.0000000000000000E+00
  0.0000000000000000E+00 -2.0133744309713713E+00
 -3.0826325166088248E-01 -4.3150313835350218E-01
 -1.5413162583044124E-01 -2.1575156917675115E-01
 -7.3928633860705510E-17  0.0000000000000000E+00
  1.4981773386074293E-17  0.0000000000000000E+00
  4.2067868897236051E+00  3.9553614014034668E+00
  7.3928633860707913E-17  0.0000000000000000E+00
 -1.4981773386074990E-17  0.0000000000000000E+00
 -4.2067868897235998E+00 -3.9553614014034668E+00
  0.0000000000000000E+00  0.0000000000000000E+00
  0.0000000000000000E+00  0.0000000000000000E+00
  0.0000000000000000E+00  0.0000000000000000E+00
  0.0000000000000000E+00  0.0000000000000000E+00
  0.0000000000000000E+00  0.0000000000000000E+00
  0.0000000000000000E+00  0.0000000000000000E+00
  0.0000000000000000E+00  0.0000000000000000E+00
  0.0000000000000000E+00  0.0000000000000000E+00
  0.0000000000000000E+00 -1.7516152560812170E+00
 -4.4687598315420407E-01 -5.6025704135488863E-01
 -2.2343799157710204E-01 -2.8012852067744431E-01
  6.9982036218521820E-17  0.0000000000000000E+00
 -7.6711840622592906E-18  0.0000000000000000E+00
  3.4670313839818774E+00  3.1759023603387622E+00
 -6.9982036218520267E-17  0.0000000000000000E+00
  7.6711840622603414E-18  0.0000000000000000E+00
 -3.4670313839818809E+00 -3.1759023603387622E+00
  0.0000000000000000E+00  0.0000000000000000E+00
  0.0000000000000000E+00  0.0000000000000000E+00
  0.0000000000000000E+00  0.0000000000000000E+00
  0.0000000000000000E+00  0.0000000000000000E+00
  0.0000000000000000E+00  0.0000000000000000E+00
  0.0000000000000000E+00  0.0000000000000000E+00
  0.0000000000000000E+00  0.0000000000000000E+00
  0.0000000000000000E+00  0.0000000000000000E+00
  0.0000000000000000E+00 -1.5216172623270836E+00
 -5.6160963225421268E-01 -6.6382724527863357E-01
 -2.8080481612710634E-01 -3.3191362263931679E-01
  8.7093990485795673E-18  0.0000000000000000E+00
  4.9117703924614353E-17  0.0000000000000000E+00
  2.8821680110085106E+00  2.5590789973127603E+00
 -8.7093990485806058E-18  0.0000000000000000E+00
 -4.9117703924614107E-17  0.0000000000000000E+00
 -2.8821680110085097E+00 -2.5590789973127603E+00
  0.0000000000000000E+00  0.0000000000000000E+00
  0.0000000000000000E+00  0.0000000000000000E+00
  0.0000000000000000E+00  0.0000000000000000E+00
  0.0000000000000000E+00  0.0000000000000000E+00
  0.0000000000000000E+00  0.0000000000000000E+00
  0.0000000000000000E+00  0.0000000000000000E+00
  0.0000000000000000E+00  0.0000000000000000E+00
  0.0000000000000000E+00  0.0000000000000000E+00
  0.0000000000000000E+00 -1.3189004600937668E+00
 -6.5732795750574580E-01 -7.4737993170114425E-01
 -3.2866397875287290E-01 -3.7368996585057213E-01
  1.7416557219693948E-17  0.0000000000000000E+00
 -1.4095130838633772E-17  0.0000000000000000E+00
  2.4129990386276261E+00  2.0666672157133892E+00
 -1.7416557219693942E-17  0.0000000000000000E+00
  1.4095130838633498E-17  0.0000000000000000E+00
 -2.4129990386276239E+00 -2.0666672157133892E+00
  0.0000000000000000E+00  0.0000000000000000E+00
  0.0000000000000000E+00  0.0000000000000000E+00
  0.0000000000000000E+00  0.0000000000000000E+00
  0.0000000000000000E+00  0.0000000000000000E+00
  0.0000000000000000E+00  0.0000000000000000E+00
  0.0000000000000000E+00  0.0000000000000000E+00
  0.0000000000000000E+00  0.0000000000000000E+00
  0.0000000000000000E+00  0.0000000000000000E+00
  0.0000000000000000E+00 -1.1400737755141093E+00
 -7.3769856286288771E-01 -8.1490046075820977E-01
 -3.6884928143144385E-01 -4.0745023037910499E-01
  1.2091627345535480E-17  0.0000000000000000E+00
  4.8081592771143625E-18  0.0000000000000000E+00
  2.0319436756457359E+00  1.6710476267430889E+00
 -1.2091627345535728E-17  0.0000000000000000E+00
 -4.8081592771147446E-18  0.0000000000000000E+00
 -2.0319436756457376E+00 -1.6710476267430889E+00
  0.0000000000000000E+00  0.0000000000000000E+00
  0.0000000000000000E+00  0.0000000000000000E+00
  0.0000000000000000E+00  0.0000000000000000E+00
  0.0000000000000000E+00  0.0000000000000000E+00
  0.0000000000000000E+00  0.0000000000000000E+00
  0.0000000000000000E+00  0.0000000000000000E+00
  0.0000000000000000E+00  0.0000000000000000E+00
  0.0000000000000000E+00  0.0000000000000000E+00
  0.0000000000000000E+00 -9.8243563652429011E-01
 -8.0553786857357224E-01 -8.6951008507159711E-01
 -4.0276893428678612E-01 -4.3475504253579861E-01
  4.1354294962962487E-17  0.0000000000000000E+00
  1.5721873815511057E-17  0.0000000000000000E+00
  1.7191364630561254E+00  1.3517378895340335E+00
 -4.1354294962962912E-17  0.0000000000000000E+00
 -1.5721873815516268E-17  0.0000000000000000E+00
 -1.7191364630561232E+00 -1.3517378895340335E+00
  0.0000000000000000E+00  0.0000000000000000E+00
  0.0000000000000000E+00  0.0000000000000000E+00
  0.0000000000000000E+00  0.0000000000000000E+00
  0.0000000000000000E+00  0.0000000000000000E+00
  0.0000000000000000E+00  0.0000000000000000E+00
  0.0000000000000000E+00  0.0000000000000000E+00
  0.0000000000000000E+00  0.0000000000000000E+00
  0.0000000000000000E+00  0.0000000000000000E+00
  0.0000000000000000E+00 -8.4373254847604018E-01
 -8.6304303879919086E-01 -9.1368230917883830E-01
 -4.3152151939959543E-01 -4.5684115458941921E-01
  1.5328937828961895E-17  0.0000000000000000E+00
  5.4763892420605590E-17  0.0000000000000000E+00
  1.4599686572606660E+00  1.0932116218421730E+00
 -1.5328937828961593E-17  0.0000000000000000E+00
 -5.4763892420607359E-17  0.0000000000000000E+00
 -1.4599686572606678E+00 -1.0932116218421730E+00
  0.0000000000000000E+00  0.0000000000000000E+00
  0.0000000000000000E+00  0.0000000000000000E+00
  0.0000000000000000E+00  0.0000000000000000E+00
  0.0000000000000000E+00  0.0000000000000000E+00
  0.0000000000000000E+00  0.0000000000000000E+00
  0.0000000000000000E+00  0.0000000000000000E+00
  0.0000000000000000E+00  0.0000000000000000E+00
  0.0000000000000000E+00  0.0000000000000000E+00
  0.0000000000000000E+00 -7.2201280823022151E-01
 -9.1195172815399861E-01 -9.4939517077015645E-01
 -4.5597586407699930E-01 -4.7469758538507822E-01
  1.1202038336282852E-17  0.0000000000000000E+00
 -3.2029762774153582E-17  0.0000000000000000E+00
  1.2434959129103986E+00  8.8348206950300556E-01
 -1.1202038336281607E-17  0.0000000000000000E+00
  3.2029762774154223E-17  0.0000000000000000E+00
 -1.2434959129103973E+00 -8.8348206950300556E-01
  0.0000000000000000E+00  0.0000000000000000E+00
  0.0000000000000000E+00  0.0000000000000000E+00
  0.0000000000000000E+00  0.0000000000000000E+00
  0.0000000000000000E+00  0.0000000000000000E+00
  0.0000000000000000E+00  0.0000000000000000E+00
  0.0000000000000000E+00  0.0000000000000000E+00
  0.0000000000000000E+00  0.0000000000000000E+00
  0.0000000000000000E+00  0.0000000000000000E+00
  0.0000000000000000E+00 -6.1553842274798398E-01
 -9.5365459027756994E-01 -9.7824133275369762E-01
 -4.7682729513878497E-01 -4.8912066637684903E-01
 -8.3252869582260604E-18  0.0000000000000000E+00
 -5.9467356333053646E-17  0.0000000000000000E+00
  1.0613841759647280E+00  7.1315509785984421E-01
  8.3252869582263932E-18  0.0000000000000000E+00
  5.9467356333050207E-17  0.0000000000000000E+00
 -1.0613841759647271E+00 -7.1315509785984421E-01
  0.0000000000000000E+00  0.0000000000000000E+00
  0.0000000000000000E+00  0.0000000000000000E+00
  0.0000000000000000E+00  0.0000000000000000E+00
  0.0000000000000000E+00  0.0000000000000000E+00
  0.0000000000000000E+00  0.0000000000000000E+00
  0.0000000000000000E+00  0.0000000000000000E+00
  0.0000000000000000E+00  0.0000000000000000E+00
  0.0000000000000000E+00  0.0000000000000000E+00
  0.0000000000000000E+00 -5.2273283221149236E-01
 -9.8927619764562547E-01 -1.0015096030456965E+00
 -4.9463809882281273E-01 -5.0075480152284835E-01
 -4.0053143703411958E-17  0.0000000000000000E+00
 -1.9304315371673172E-17  0.0000000000000000E+00
  9.0719670528167218E-01  5.7477853060473183E-01
  4.0053143703412420E-17  0.0000000000000000E+00
  1.9304315371671702E-17  0.0000000000000000E+00
 -9.0719670528167184E-01 -5.7477853060473183E-01
  0.0000000000000000E+00  0.0000000000000000E+00
  0.0000000000000000E+00  0.0000000000000000E+00
  0.0000000000000000E+00  0.0000000000000000E+00
  0.0000000000000000E+00  0.0000000000000000E+00
  0.0000000000000000E+00  0.0000000000000000E+00
  0.0000000000000000E+00  0.0000000000000000E+00
  0.0000000000000000E+00  0.0000000000000000E+00
  0.0000000000000000E+00  0.0000000000000000E+00
  0.0000000000000000E+00 -4.4215052703970714E-01
 -1.0197343844538900E+00 -1.0202465818968403E+00
 -5.0986719222694499E-01 -5.1012329094842013E-01
 -4.0178217298493427E-17  0.0000000000000000E+00
  4.3036935548755412E-17  0.0000000000000000E+00
  7.7590128881348397E-01  4.6238357996796570E-01
  4.0178217298493562E-17  0.0000000000000000E+00
 -4.3036935548755166E-17  0.0000000000000000E+00
 -7.7590128881348464E-01 -4.6238357996796570E-01
  0.0000000000000000E+00  0.0000000000000000E+00
  0.0000000000000000E+00  0.0000000000000000E+00
  0.0000000000000000E+00  0.0000000000000000E+00
  0.0000000000000000E+00  0.0000000000000000E+00
  0.0000000000000000E+00  0.0000000000000000E+00
  0.0000000000000000E+00  0.0000000000000000E+00
  0.0000000000000000E+00  0.0000000000000000E+00
  0.0000000000000000E+00  0.0000000000000000E+00
  0.0000000000000000E+00 -3.7245980981137800E-01
 -1.0457845245035005E+00 -1.0353041448731461E+00
 -5.2289226225175023E-01 -5.1765207243657296E-01
  6.6857930905137329E-18  0.0000000000000000E+00
 -2.7510236501032337E-17  0.0000000000000000E+00
  6.6352231421070151E-01  3.7115382646382616E-01
 -6.6857930905135195E-18  0.0000000000000000E+00
  2.7510236501032405E-17  0.0000000000000000E+00
 -6.6352231421070329E-01 -3.7115382646382616E-01
  0.0000000000000000E+00  0.0000000000000000E+00
  0.0000000000000000E+00  0.0000000000000000E+00
  0.0000000000000000E+00  0.0000000000000000E+00
  0.0000000000000000E+00  0.0000000000000000E+00
  0.0000000000000000E+00  0.0000000000000000E+00
  0.0000000000000000E+00  0.0000000000000000E+00
  0.0000000000000000E+00  0.0000000000000000E+00
  0.0000000000000000E+00  0.0000000000000000E+00
  0.0000000000000000E+00 -3.1243314094939212E-01
 -1.0680530492893188E+00 -1.0473765894101243E+00
 -5.3402652464465938E-01 -5.2368829470506206E-01
 -4.3142036474536481E-18  0.0000000000000000E+00
 -2.0974727661548592E-17  0.0000000000000000E+00
  5.6688965315360296E-01  2.9718087902952178E-01
  4.3142036474535972E-18  0.0000000000000000E+00
  2.0974727661548703E-17  0.0000000000000000E+00
 -5.6688965315360296E-01 -2.9718087902952178E-01
  0.0000000000000000E+00  0.0000000000000000E+00
  0.0000000000000000E+00  0.0000000000000000E+00
  0.0000000000000000E+00  0.0000000000000000E+00
  0.0000000000000000E+00  0.0000000000000000E+00
  0.0000000000000000E+00  0.0000000000000000E+00
  0.0000000000000000E+00  0.0000000000000000E+00
  0.0000000000000000E+00  0.0000000000000000E+00
  0.0000000000000000E+00  0.0000000000000000E+00
  0.0000000000000000E+00 -2.6094156197211349E-01
 -1.0870631783808165E+00 -1.0570300762868874E+00
 -5.4353158919040823E-01 -5.2851503814344380E-01
 -2.2880545607324532E-17  0.0000000000000000E+00
 -2.6290187891030482E-17  0.0000000000000000E+00
  4.8345387330533629E-01  2.3728023188689301E-01
  2.2880545607324372E-17  0.0000000000000000E+00
  2.6290187891030981E-17  0.0000000000000000E+00
 -4.8345387330533462E-01 -2.3728023188689301E-01
  0.0000000000000000E+00  0.0000000000000000E+00
  0.0000000000000000E+00  0.0000000000000000E+00
  0.0000000000000000E+00  0.0000000000000000E+00
  0.0000000000000000E+00  0.0000000000000000E+00
  0.0000000000000000E+00  0.0000000000000000E+00
  0.0000000000000000E+00  0.0000000000000000E+00
  0.0000000000000000E+00  0.0000000000000000E+00
  0.0000000000000000E+00  0.0000000000000000E+00
  0.0000000000000000E+00 -2.1695098917097849E-01
 -1.1032547620876569E+00 -1.0647262092840051E+00
 -5.5162738104382847E-01 -5.3236310464200254E-01
 -4.2955831569258558E-17  0.0000000000000000E+00
 -6.4283588896266624E-18  0.0000000000000000E+00
  4.1114850340689635E-01  1.8884981992318642E-01
  4.2955831569258570E-17  0.0000000000000000E+00
  6.4283588896266131E-18  0.0000000000000000E+00
 -4.1114850340689524E-01 -1.8884981992318642E-01
  0.0000000000000000E+00  0.0000000000000000E+00
  0.0000000000000000E+00  0.0000000000000000E+00
  0.0000000000000000E+00  0.0000000000000000E+00
  0.0000000000000000E+00  0.0000000000000000E+00
  0.0000000000000000E+00  0.0000000000000000E+00
  0.0000000000000000E+00  0.0000000000000000E+00
  0.0000000000000000E+00  0.0000000000000000E+00
  0.0000000000000000E+00  0.0000000000000000E+00
  0.0000000000000000E+00 -1.7951902500284483E-01
 -1.1169998619003352E+00 -1.0708410745768604E+00
 -5.5849993095016759E-01 -5.3542053728843042E-01
 -1.0422553088304962E-18  0.0000000000000000E+00
  2.5163574560528729E-17  0.0000000000000000E+00
  3.4828567071418370E-01  1.4975944279746103E-01
  1.0422553088305979E-18  0.0000000000000000E+00
 -2.5163574560528760E-17  0.0000000000000000E+00
 -3.4828567071418326E-01 -1.4975944279746103E-01
  0.0000000000000000E+00  0.0000000000000000E+00
  0.0000000000000000E+00  0.0000000000000000E+00
  0.0000000000000000E+00  0.0000000000000000E+00
  0.0000000000000000E+00  0.0000000000000000E+00
  0.0000000000000000E+00  0.0000000000000000E+00
  0.0000000000000000E+00  0.0000000000000000E+00
  0.0000000000000000E+00  0.0000000000000000E+00
  0.0000000000000000E+00  0.0000000000000000E+00
  0.0000000000000000E+00 -1.4779145395965956E-01
 -1.1286149312190068E+00 -1.0756807017985361E+00
 -5.6430746560950340E-01 -5.3784035089926818E-01
  2.0806822263795353E-17  0.0000000000000000E+00
 -7.8796015644695674E-18  0.0000000000000000E+00
  2.9347662813628939E-01  1.1826290146774200E-01
 -2.0806822263795248E-17  0.0000000000000000E+00
  7.8796015644695982E-18  0.0000000000000000E+00
 -2.9347662813628805E-01 -1.1826290146774200E-01
  0.0000000000000000E+00  0.0000000000000000E+00
  0.0000000000000000E+00  0.0000000000000000E+00
  0.0000000000000000E+00  0.0000000000000000E+00
  0.0000000000000000E+00  0.0000000000000000E+00
  0.0000000000000000E+00  0.0000000000000000E+00
  0.0000000000000000E+00  0.0000000000000000E+00
  0.0000000000000000E+00  0.0000000000000000E+00
  0.0000000000000000E+00  0.0000000000000000E+00
  0.0000000000000000E+00 -1.2099791383949773E-01
 -1.1383705602125207E+00 -1.0794936606432670E+00
 -5.6918528010626035E-01 -5.3974683032163362E-01
  2.6165465879746358E-17  0.0000000000000000E+00
 -2.6547501460971273E-17  0.0000000000000000E+00
  2.4557065228761643E-01  9.2927077286691959E-02
 -2.6165465879746391E-17  0.0000000000000000E+00
  2.6547501460971264E-17  0.0000000000000000E+00
 -2.4557065228761676E-01 -9.2927077286691959E-02
  0.0000000000000000E+00  0.0000000000000000E+00
  0.0000000000000000E+00  0.0000000000000000E+00
  0.0000000000000000E+00  0.0000000000000000E+00
  0.0000000000000000E+00  0.0000000000000000E+00
  0.0000000000000000E+00  0.0000000000000000E+00
  0.0000000000000000E+00  0.0000000000000000E+00
  0.0000000000000000E+00  0.0000000000000000E+00
  0.0000000000000000E+00  0.0000000000000000E+00
  0.0000000000000000E+00 -9.8446396562129071E-02
 -1.1464991831576339E+00 -1.0824813276962306E+00
 -5.7324959157881694E-01 -5.4124066384811520E-01
 -5.5614666048898096E-18  0.0000000000000000E+00
  1.8418741038685513E-17  0.0000000000000000E+00
  2.0360785915172785E-01  7.2573787497458644E-02
  5.5614666048898404E-18  0.0000000000000000E+00
 -1.8418741038685571E-17  0.0000000000000000E+00
 -2.0360785915172719E-01 -7.2573787497458644E-02
  0.0000000000000000E+00  0.0000000000000000E+00
  0.0000000000000000E+00  0.0000000000000000E+00
  0.0000000000000000E+00  0.0000000000000000E+00
  0.0000000000000000E+00  0.0000000000000000E+00
  0.0000000000000000E+00  0.0000000000000000E+00
  0.0000000000000000E+00  0.0000000000000000E+00
  0.0000000000000000E+00  0.0000000000000000E+00
  0.0000000000000000E+00  0.0000000000000000E+00
  0.0000000000000000E+00 -7.9516314769211380E-02
 -1.1532013146661861E+00 -1.0848062284424522E+00
 -5.7660065733309307E-01 -5.4240311422122600E-01
  8.8590743417726264E-18  0.0000000000000000E+00
  4.4939496083533741E-17  0.0000000000000000E+00
  1.6678252304480023E-01  5.6231352725831317E-02
 -8.8590743417724877E-18  0.0000000000000000E+00
 -4.4939496083533587E-17  0.0000000000000000E+00
 -1.6678252304479890E-01 -5.6231352725831317E-02
  0.0000000000000000E+00  0.0000000000000000E+00
  0.0000000000000000E+00  0.0000000000000000E+00
  0.0000000000000000E+00  0.0000000000000000E+00
  0.0000000000000000E+00  0.0000000000000000E+00
  0.0000000000000000E+00  0.0000000000000000E+00
  0.0000000000000000E+00  0.0000000000000000E+00
  0.0000000000000000E+00  0.0000000000000000E+00
  0.0000000000000000E+00  0.0000000000000000E+00
  0.0000000000000000E+00 -6.3649909082457448E-02
 -1.1586506000465862E+00 -1.0865987640527104E+00
 -5.7932530002329308E-01 -5.4329938202635542E-01
 -3.0295671756496967E-17  0.0000000000000000E+00
  5.4751290595407328E-18  0.0000000000000000E+00
  1.3441442396326508E-01  4.3093638191100708E-02
  3.0295671756496856E-17  0.0000000000000000E+00
 -5.4751290595408437E-18  0.0000000000000000E+00
 -1.3441442396326531E-01 -4.3093638191100708E-02
  0.0000000000000000E+00  0.0000000000000000E+00
  0.0000000000000000E+00  0.0000000000000000E+00
  0.0000000000000000E+00  0.0000000000000000E+00
  0.0000000000000000E+00  0.0000000000000000E+00
  0.0000000000000000E+00  0.0000000000000000E+00
  0.0000000000000000E+00  0.0000000000000000E+00
  0.0000000000000000E+00  0.0000000000000000E+00
  0.0000000000000000E+00  0.0000000000000000E+00
  0.0000000000000000E+00 -5.0341847102294141E-02
 -1.1629979423526080E+00 -1.0879625644298128E+00
 -5.8149897117630400E-01 -5.4398128221490649E-01
 -3.3933407649564293E-17  0.0000000000000000E+00
  4.5401379640532880E-17  0.0000000000000000E+00
  1.0592631108398076E-01  3.2485080896911982E-02
  3.3933407649564127E-17  0.0000000000000000E+00
 -4.5401379640532867E-17  0.0000000000000000E+00
 -1.0592631108398054E-01 -3.2485080896911982E-02
  0.0000000000000000E+00  0.0000000000000000E+00
  0.0000000000000000E+00  0.0000000000000000E+00
  0.0000000000000000E+00  0.0000000000000000E+00
  0.0000000000000000E+00  0.0000000000000000E+00
  0.0000000000000000E+00  0.0000000000000000E+00
  0.0000000000000000E+00  0.0000000000000000E+00
  0.0000000000000000E+00  0.0000000000000000E+00
  0.0000000000000000E+00  0.0000000000000000E+00
  0.0000000000000000E+00 -3.9127119336099740E-02
 -1.1663749003375519E+00 -1.0889786707874491E+00
 -5.8318745016877593E-01 -5.4448933539372457E-01
  2.4345745817150085E-17  0.0000000000000000E+00
  1.7746414476590250E-17  0.0000000000000000E+00
  8.0826078852280658E-02  2.3831103586819193E-02
 -2.4345745817150301E-17  0.0000000000000000E+00
 -1.7746414476590380E-17  0.0000000000000000E+00
 -8.0826078852280436E-02 -2.3831103586819193E-02
  0.0000000000000000E+00  0.0000000000000000E+00
  0.0000000000000000E+00  0.0000000000000000E+00
  0.0000000000000000E+00  0.0000000000000000E+00
  0.0000000000000000E+00  0.0000000000000000E+00
  0.0000000000000000E+00  0.0000000000000000E+00
  0.0000000000000000E+00  0.0000000000000000E+00
  0.0000000000000000E+00  0.0000000000000000E+00
  0.0000000000000000E+00  0.0000000000000000E+00
  0.0000000000000000E+00 -2.9568008482986723E-02
 -1.1688965057489096E+00 -1.0897087511460013E+00
 -5.8444825287445479E-01 -5.4485437557300065E-01
 -1.2938210555343540E-17  0.0000000000000000E+00
  1.1621600640753624E-17  0.0000000000000000E+00
  5.8692254832527269E-02  1.6634638437084147E-02
  1.2938210555343546E-17  0.0000000000000000E+00
 -1.1621600640753644E-17  0.0000000000000000E+00
 -5.8692254832526936E-02 -1.6634638437084147E-02
  0.0000000000000000E+00  0.0000000000000000E+00
  0.0000000000000000E+00  0.0000000000000000E+00
  0.0000000000000000E+00  0.0000000000000000E+00
  0.0000000000000000E+00  0.0000000000000000E+00
  0.0000000000000000E+00  0.0000000000000000E+00
  0.0000000000000000E+00  0.0000000000000000E+00
  0.0000000000000000E+00  0.0000000000000000E+00
  0.0000000000000000E+00  0.0000000000000000E+00
  0.0000000000000000E+00 -2.1242422697872555E-02
 -1.1706636138947153E+00 -1.0901976127541202E+00
 -5.8533180694735765E-01 -5.4509880637706032E-01
  5.0329485764750163E-18  0.0000000000000000E+00
  1.2790654034552969E-17  0.0000000000000000E+00
  3.9162757028010087E-02  1.0461490217342643E-02
 -5.0329485764749301E-18  0.0000000000000000E+00
 -1.2790654034552914E-17  0.0000000000000000E+00
 -3.9162757028009865E-02 -1.0461490217342641E-02
  0.0000000000000000E+00  0.0000000000000000E+00
  0.0000000000000000E+00  0.0000000000000000E+00
  0.0000000000000000E+00  0.0000000000000000E+00
  0.0000000000000000E+00  0.0000000000000000E+00
  0.0000000000000000E+00  0.0000000000000000E+00
  0.0000000000000000E+00  0.0000000000000000E+00
  0.0000000000000000E+00  0.0000000000000000E+00
  0.0000000000000000E+00  0.0000000000000000E+00
  0.0000000000000000E+00 -1.3738728922309465E-02
 -1.1717648755934988E+00 -1.0904754199787838E+00
 -5.8588243779674942E-01 -5.4523770998939214E-01
  4.5730253594639807E-18  0.0000000000000000E+00
 -1.8310318361028835E-17  0.0000000000000000E+00
  2.1925275443660741E-02  4.9398155956207499E-03
 -4.5730253594640824E-18  0.0000000000000000E+00
  1.8310318361028869E-17  0.0000000000000000E+00
 -2.1925275443661074E-02 -4.9398155956207499E-03
  0.0000000000000000E+00  0.0000000000000000E+00
  0.0000000000000000E+00  0.0000000000000000E+00
  0.0000000000000000E+00  0.0000000000000000E+00
  0.0000000000000000E+00  0.0000000000000000E+00
  0.0000000000000000E+00  0.0000000000000000E+00
  0.0000000000000000E+00  0.0000000000000000E+00
  0.0000000000000000E+00  0.0000000000000000E+00
  0.0000000000000000E+00  0.0000000000000000E+00
  0.0000000000000000E+00 -6.6664513451666430E-03
 -1.1722783993855141E+00 -1.0905602531890071E+00
 -5.8613919969275707E-01 -5.4528012659450331E-01
  1.4744033273598670E-17  0.0000000000000000E+00
 -2.8571572434146306E-17  0.0000000000000000E+00
  6.7095906584102583E-03 -2.1947652699162712E-04
 -1.4744033273598753E-17  0.0000000000000000E+00
  2.8571572434146319E-17  0.0000000000000000E+00
 -6.7095906584102583E-03  2.1947652699162712E-04
  0.0000000000000000E+00  0.0000000000000000E+00
  0.0000000000000000E+00  0.0000000000000000E+00
  0.0000000000000000E+00  0.0000000000000000E+00
  0.0000000000000000E+00  0.0000000000000000E+00
  0.0000000000000000E+00  0.0000000000000000E+00
  0.0000000000000000E+00  0.0000000000000000E+00
  0.0000000000000000E+00  0.0000000000000000E+00
  0.0000000000000000E+00  0.0000000000000000E+00
  0.0000000000000000E+00  3.0415101005805151E-04
 -1.1722731585553861E+00 -1.0904618480528601E+00
 -5.8613657927769303E-01 -5.4523092402642992E-01
 -5.1354051511110738E-20  0.0000000000000000E+00
 -9.2922248535984068E-18  0.0000000000000000E+00
 -6.7188162830459364E-03 -5.1783603063037323E-03
  5.1354051511084545E-20  0.0000000000000000E+00
  9.2922248535983744E-18  0.0000000000000000E+00
  6.7188162830459364E-03  5.1783603063037323E-03
  0.0000000000000000E+00  0.0000000000000000E+00
  0.0000000000000000E+00  0.0000000000000000E+00
  0.0000000000000000E+00  0.0000000000000000E+00
  0.0000000000000000E+00  0.0000000000000000E+00
  0.0000000000000000E+00  0.0000000000000000E+00
  0.0000000000000000E+00  0.0000000000000000E+00
  0.0000000000000000E+00  0.0000000000000000E+00
  0.0000000000000000E+00  0.0000000000000000E+00
  0.0000000000000000E+00  7.3639884872205895E-03
 -1.1718101867535451E+00 -1.0901872298091169E+00
 -5.8590509337677255E-01 -5.4509361490455843E-01
  1.6485788700878609E-17  0.0000000000000000E+00
  1.2399750117311156E-17  0.0000000000000000E+00
 -1.8564069709025466E-02 -9.9156419316024577E-03
 -1.6485788700878665E-17  0.0000000000000000E+00
 -1.2399750117311168E-17  0.0000000000000000E+00
  1.8564069709025632E-02  9.9156419316024577E-03
  0.0000000000000000E+00  0.0000000000000000E+00
  0.0000000000000000E+00  0.0000000000000000E+00
  0.0000000000000000E+00  0.0000000000000000E+00
  0.0000000000000000E+00  0.0000000000000000E+00
  0.0000000000000000E+00  0.0000000000000000E+00
  0.0000000000000000E+00  0.0000000000000000E+00
  0.0000000000000000E+00  0.0000000000000000E+00
  0.0000000000000000E+00  0.0000000000000000E+00
  0.0000000000000000E+00  1.4460348408939182E-02
 -1.1709435977791762E+00 -1.0897480405896960E+00
 -5.8547179888958811E-01 -5.4487402029484810E-01
 -2.3593333955387683E-17  0.0000000000000000E+00
 -2.3289905294768185E-17  0.0000000000000000E+00
 -2.9004320169665865E-02 -1.4198535347700620E-02
  2.3593333955387667E-17  0.0000000000000000E+00
  2.3289905294768222E-17  0.0000000000000000E+00
  2.9004320169665254E-02  1.4198535347700620E-02
  0.0000000000000000E+00  0.0000000000000000E+00
  0.0000000000000000E+00  0.0000000000000000E+00
  0.0000000000000000E+00  0.0000000000000000E+00
  0.0000000000000000E+00  0.0000000000000000E+00
  0.0000000000000000E+00  0.0000000000000000E+00
  0.0000000000000000E+00  0.0000000000000000E+00
  0.0000000000000000E+00  0.0000000000000000E+00
  0.0000000000000000E+00  0.0000000000000000E+00
  0.0000000000000000E+00  2.1221196760762635E-02
 -1.1697214586293900E+00 -1.0891675243156380E+00
 -5.8486072931469502E-01 -5.4458376215781901E-01
 -5.7226006187532027E-17  0.0000000000000000E+00
  1.4790556646715580E-17  0.0000000000000000E+00
 -3.8195438924500502E-02 -1.7638955270996771E-02
  5.7226006187532150E-17  0.0000000000000000E+00
 -1.4790556646715512E-17  0.0000000000000000E+00
  3.8195438924500891E-02  1.7638955270996771E-02
  0.0000000000000000E+00  0.0000000000000000E+00
  0.0000000000000000E+00  0.0000000000000000E+00
  0.0000000000000000E+00  0.0000000000000000E+00
  0.0000000000000000E+00  0.0000000000000000E+00
  0.0000000000000000E+00  0.0000000000000000E+00
  0.0000000000000000E+00  0.0000000000000000E+00
  0.0000000000000000E+00  0.0000000000000000E+00
  0.0000000000000000E+00  0.0000000000000000E+00
  0.0000000000000000E+00  2.7002985940383438E-02
 -1.1681865397176594E+00 -1.0884834267993198E+00
 -5.8409326985882970E-01 -5.4424171339965965E-01
  3.1920814550773584E-17  0.0000000000000000E+00
  4.7654907424310700E-18  0.0000000000000000E+00
 -4.6274115631744051E-02 -1.9860619374199702E-02
 -3.1920814550773603E-17  0.0000000000000000E+00
 -4.7654907424310777E-18  0.0000000000000000E+00
  4.6274115631744273E-02  1.9860619374199702E-02
  0.0000000000000000E+00  0.0000000000000000E+00
  0.0000000000000000E+00  0.0000000000000000E+00
  0.0000000000000000E+00  0.0000000000000000E+00
  0.0000000000000000E+00  0.0000000000000000E+00
  0.0000000000000000E+00  0.0000000000000000E+00
  0.0000000000000000E+00  0.0000000000000000E+00
  0.0000000000000000E+00  0.0000000000000000E+00
  0.0000000000000000E+00  0.0000000000000000E+00
  0.0000000000000000E+00  3.1124365630092417E-02
 -1.1663769618919475E+00 -1.0877436593194376E+00
 -5.8318848094597375E-01 -5.4387182965971836E-01
 -1.7671381961437027E-17  0.0000000000000000E+00
  3.5156456757303479E-17  0.0000000000000000E+00
 -5.3360466555890718E-02 -2.0710306791475876E-02
  1.7671381961437052E-17  0.0000000000000000E+00
 -3.5156456757303516E-17  0.0000000000000000E+00
  5.3360466555890551E-02  2.0710306791475879E-02
  0.0000000000000000E+00  0.0000000000000000E+00
  0.0000000000000000E+00  0.0000000000000000E+00
  0.0000000000000000E+00  0.0000000000000000E+00
  0.0000000000000000E+00  0.0000000000000000E+00
  0.0000000000000000E+00  0.0000000000000000E+00
  0.0000000000000000E+00  0.0000000000000000E+00
  0.0000000000000000E+00  0.0000000000000000E+00
  0.0000000000000000E+00  0.0000000000000000E+00
  0.0000000000000000E+00  3.3207056529300623E-02
 -1.1643267563511432E+00 -1.0869958953675678E+00
 -5.8216337817557162E-01 -5.4349794768378390E-01
  5.7322844017650490E-17  0.0000000000000000E+00
  1.3550457802187927E-17  0.0000000000000000E+00
 -5.9560242052935142E-02 -2.0351460778956748E-02
 -5.7322844017650465E-17  0.0000000000000000E+00
 -1.3550457802187944E-17  0.0000000000000000E+00
  5.9560242052934642E-02  2.0351460778956748E-02
  0.0000000000000000E+00  0.0000000000000000E+00
  0.0000000000000000E+00  0.0000000000000000E+00
  0.0000000000000000E+00  0.0000000000000000E+00
  0.0000000000000000E+00  0.0000000000000000E+00
  0.0000000000000000E+00  0.0000000000000000E+00
  0.0000000000000000E+00  0.0000000000000000E+00
  0.0000000000000000E+00  0.0000000000000000E+00
  0.0000000000000000E+00  0.0000000000000000E+00
  0.0000000000000000E+00  3.3369777752840335E-02
 -1.1620663506471327E+00 -1.0862776897148145E+00
 -5.8103317532356635E-01 -5.4313884485740704E-01
 -1.4130597158125524E-17  0.0000000000000000E+00
 -1.7993897867723611E-17  0.0000000000000000E+00
 -6.4966705654123491E-02 -1.9147339001529103E-02
  1.4130597158125511E-17  0.0000000000000000E+00
  1.7993897867723657E-17  0.0000000000000000E+00
  6.4966705654123158E-02  1.9147339001529099E-02
  0.0000000000000000E+00  0.0000000000000000E+00
  0.0000000000000000E+00  0.0000000000000000E+00
  0.0000000000000000E+00  0.0000000000000000E+00
  0.0000000000000000E+00  0.0000000000000000E+00
  0.0000000000000000E+00  0.0000000000000000E+00
  0.0000000000000000E+00  0.0000000000000000E+00
  0.0000000000000000E+00  0.0000000000000000E+00
  0.0000000000000000E+00  0.0000000000000000E+00
  0.0000000000000000E+00  3.2089836582873149E-02
 -1.1596229915929495E+00 -1.0856124674412317E+00
 -5.7981149579647473E-01 -5.4280623372061554E-01
  2.2340687325484264E-17  0.0000000000000000E+00
  1.5770313640540459E-17  0.0000000000000000E+00
 -6.9662173375343084E-02 -1.7492325971506618E-02
 -2.2340687325484273E-17  0.0000000000000000E+00
 -1.5770313640540469E-17  0.0000000000000000E+00
  6.9662173375343139E-02  1.7492325971506618E-02
  0.0000000000000000E+00  0.0000000000000000E+00
  0.0000000000000000E+00  0.0000000000000000E+00
  0.0000000000000000E+00  0.0000000000000000E+00
  0.0000000000000000E+00  0.0000000000000000E+00
  0.0000000000000000E+00  0.0000000000000000E+00
  0.0000000000000000E+00  0.0000000000000000E+00
  0.0000000000000000E+00  0.0000000000000000E+00
  0.0000000000000000E+00  0.0000000000000000E+00
  0.0000000000000000E+00  2.9950533861620918E-02
 -1.1570211140112177E+00 -1.0850102340381886E+00
 -5.7851055700560883E-01 -5.4250511701909421E-01
  1.7246153414187606E-19  0.0000000000000000E+00
 -9.5737669027385562E-18  0.0000000000000000E+00
 -7.3719663865095930E-02 -1.5721815012404626E-02
 -1.7246153414186759E-19  0.0000000000000000E+00
  9.5737669027386024E-18  0.0000000000000000E+00
  7.3719663865095764E-02  1.5721815012404626E-02
  0.0000000000000000E+00  0.0000000000000000E+00
  0.0000000000000000E+00  0.0000000000000000E+00
  0.0000000000000000E+00  0.0000000000000000E+00
  0.0000000000000000E+00  0.0000000000000000E+00
  0.0000000000000000E+00  0.0000000000000000E+00
  0.0000000000000000E+00  0.0000000000000000E+00
  0.0000000000000000E+00  0.0000000000000000E+00
  0.0000000000000000E+00  0.0000000000000000E+00
  0.0000000000000000E+00  2.7489239093009120E-02
 -1.1542826627768061E+00 -1.0844706483210640E+00
 -5.7714133138840307E-01 -5.4223532416053177E-01
  1.2491654489160436E-17  0.0000000000000000E+00
 -1.3068662968493453E-17  0.0000000000000000E+00
 -7.7203745951742231E-02 -1.4066212389966774E-02
 -1.2491654489160417E-17  0.0000000000000000E+00
  1.3068662968493466E-17  0.0000000000000000E+00
  7.7203745951742342E-02  1.4066212389966776E-02
  0.0000000000000000E+00  0.0000000000000000E+00
  0.0000000000000000E+00  0.0000000000000000E+00
  0.0000000000000000E+00  0.0000000000000000E+00
  0.0000000000000000E+00  0.0000000000000000E+00
  0.0000000000000000E+00  0.0000000000000000E+00
  0.0000000000000000E+00  0.0000000000000000E+00
  0.0000000000000000E+00  0.0000000000000000E+00
  0.0000000000000000E+00  0.0000000000000000E+00
  0.0000000000000000E+00  2.5104602231931249E-02
 -1.1514273744488253E+00 -1.0839870782217584E+00
 -5.7571368722441263E-01 -5.4199353911087955E-01
 -6.6347732409151626E-18  0.0000000000000000E+00
  5.8903778517514337E-18  0.0000000000000000E+00
 -8.0171755642073739E-02 -1.2644516895578772E-02
  6.6347732409151965E-18  0.0000000000000000E+00
 -5.8903778517514214E-18  0.0000000000000000E+00
  8.0171755642073683E-02  1.2644516895578772E-02
  0.0000000000000000E+00  0.0000000000000000E+00
  0.0000000000000000E+00  0.0000000000000000E+00
  0.0000000000000000E+00  0.0000000000000000E+00
  0.0000000000000000E+00  0.0000000000000000E+00
  0.0000000000000000E+00  0.0000000000000000E+00
  0.0000000000000000E+00  0.0000000000000000E+00
  0.0000000000000000E+00  0.0000000000000000E+00
  0.0000000000000000E+00  0.0000000000000000E+00
  0.0000000000000000E+00  2.3025823898635660E-02
 -1.1484730238625789E+00 -1.0835502066771159E+00
 -5.7423651193128944E-01 -5.4177510333855827E-01
 -7.9342336869727275E-18  0.0000000000000000E+00
 -7.3220311403327316E-18  0.0000000000000000E+00
 -8.2674666041776979E-02 -1.1491766438925645E-02
  7.9342336869727398E-18  0.0000000000000000E+00
  7.3220311403327424E-18  0.0000000000000000E+00
  8.2674666041776812E-02  1.1491766438925645E-02
  0.0000000000000000E+00  0.0000000000000000E+00
  0.0000000000000000E+00  0.0000000000000000E+00
  0.0000000000000000E+00  0.0000000000000000E+00
  0.0000000000000000E+00  0.0000000000000000E+00
  0.0000000000000000E+00  0.0000000000000000E+00
  0.0000000000000000E+00  0.0000000000000000E+00
  0.0000000000000000E+00  0.0000000000000000E+00
  0.0000000000000000E+00  0.0000000000000000E+00
  0.0000000000000000E+00  2.1343429016289391E-02
 -1.1454356402941122E+00 -1.0831504276979032E+00
 -5.7271782014705608E-01 -5.4157521384895269E-01
 -1.2027488420829880E-18  0.0000000000000000E+00
  5.0133748016182161E-18  0.0000000000000000E+00
 -8.4757899119033919E-02 -1.0594290830743024E-02
  1.2027488420830227E-18  0.0000000000000000E+00
 -5.0133748016181806E-18  0.0000000000000000E+00
  8.4757899119033919E-02  1.0594290830743024E-02
  0.0000000000000000E+00  0.0000000000000000E+00
  0.0000000000000000E+00  0.0000000000000000E+00
  0.0000000000000000E+00  0.0000000000000000E+00
  0.0000000000000000E+00  0.0000000000000000E+00
  0.0000000000000000E+00  0.0000000000000000E+00
  0.0000000000000000E+00  0.0000000000000000E+00
  0.0000000000000000E+00  0.0000000000000000E+00
  0.0000000000000000E+00  0.0000000000000000E+00
  0.0000000000000000E+00  2.0060794361887645E-02
 -1.1423296971727168E+00 -1.0827790870313334E+00
 -5.7116484858635841E-01 -5.4138954351566770E-01
  1.3113086887115444E-17  0.0000000000000000E+00
  8.6916015753993524E-18  0.0000000000000000E+00
 -8.6461891851426775E-02 -9.9168512167280773E-03
 -1.3113086887115348E-17  0.0000000000000000E+00
 -8.6916015753993940E-18  0.0000000000000000E+00
  8.6461891851426609E-02  9.9168512167280773E-03
  0.0000000000000000E+00  0.0000000000000000E+00
  0.0000000000000000E+00  0.0000000000000000E+00
  0.0000000000000000E+00  0.0000000000000000E+00
  0.0000000000000000E+00  0.0000000000000000E+00
  0.0000000000000000E+00  0.0000000000000000E+00
  0.0000000000000000E+00  0.0000000000000000E+00
  0.0000000000000000E+00  0.0000000000000000E+00
  0.0000000000000000E+00  0.0000000000000000E+00
  0.0000000000000000E+00  1.9137690033693644E-02
 -1.1391682787746209E+00 -1.0824289394125679E+00
 -5.6958413938731045E-01 -5.4121446970628440E-01
  1.2634931861528783E-17  0.0000000000000000E+00
  1.5751269070409732E-17  0.0000000000000000E+00
 -8.7822864341298434E-02 -9.4189031843668544E-03
 -1.2634931861528814E-17  0.0000000000000000E+00
 -1.5751269070409726E-17  0.0000000000000000E+00
  8.7822864341298490E-02  9.4189031843668544E-03
  0.0000000000000000E+00  0.0000000000000000E+00
  0.0000000000000000E+00  0.0000000000000000E+00
  0.0000000000000000E+00  0.0000000000000000E+00
  0.0000000000000000E+00  0.0000000000000000E+00
  0.0000000000000000E+00  0.0000000000000000E+00
  0.0000000000000000E+00  0.0000000000000000E+00
  0.0000000000000000E+00  0.0000000000000000E+00
  0.0000000000000000E+00  0.0000000000000000E+00
  0.0000000000000000E+00  1.8518342860894640E-02
 -1.1359632268685327E+00 -1.0820941758595886E+00
 -5.6798161343426634E-01 -5.4104708792979428E-01
  6.7991410021010412E-18  0.0000000000000000E+00
 -1.0000354004021256E-20  0.0000000000000000E+00
 -8.8873214759127100E-02 -9.0626204239790519E-03
 -6.7991410021010412E-18  0.0000000000000000E+00
  1.0000354004032667E-20  0.0000000000000000E+00
  8.8873214759127267E-02  9.0626204239790519E-03
  0.0000000000000000E+00  0.0000000000000000E+00
  0.0000000000000000E+00  0.0000000000000000E+00
  0.0000000000000000E+00  0.0000000000000000E+00
  0.0000000000000000E+00  0.0000000000000000E+00
  0.0000000000000000E+00  0.0000000000000000E+00
  0.0000000000000000E+00  0.0000000000000000E+00
  0.0000000000000000E+00  0.0000000000000000E+00
  0.0000000000000000E+00  0.0000000000000000E+00
  0.0000000000000000E+00  1.8146540477331049E-02
 -1.1327252698877817E+00 -1.0817702588012192E+00
 -5.6636263494389083E-01 -5.4088512940061007E-01
  7.1046754562413780E-19  0.0000000000000000E+00
 -4.3570761970745355E-18  0.0000000000000000E+00
 -8.9642000348909456E-02 -8.8159559965029742E-03
 -7.1046754562408849E-19  0.0000000000000000E+00
  4.3570761970745455E-18  0.0000000000000000E+00
  8.9642000348909512E-02  8.8159559965029742E-03
  0.0000000000000000E+00  0.0000000000000000E+00
  0.0000000000000000E+00  0.0000000000000000E+00
  0.0000000000000000E+00  0.0000000000000000E+00
  0.0000000000000000E+00  0.0000000000000000E+00
  0.0000000000000000E+00  0.0000000000000000E+00
  0.0000000000000000E+00  0.0000000000000000E+00
  0.0000000000000000E+00  0.0000000000000000E+00
  0.0000000000000000E+00  0.0000000000000000E+00
  0.0000000000000000E+00  1.7972364978938102E-02
 -1.1294641368531551E+00 -1.0814536982491227E+00
 -5.6473206842657753E-01 -5.4072684912456193E-01
 -8.8543435853832602E-18  0.0000000000000000E+00
 -2.1157221234789872E-18  0.0000000000000000E+00
 -9.0155331412447831E-02 -8.6531467582339153E-03
  8.8543435853832802E-18  0.0000000000000000E+00
  2.1157221234789988E-18  0.0000000000000000E+00
  9.0155331412448164E-02  8.6531467582339153E-03
  0.0000000000000000E+00  0.0000000000000000E+00
  0.0000000000000000E+00  0.0000000000000000E+00
  0.0000000000000000E+00  0.0000000000000000E+00
  0.0000000000000000E+00  0.0000000000000000E+00
  0.0000000000000000E+00  0.0000000000000000E+00
  0.0000000000000000E+00  0.0000000000000000E+00
  0.0000000000000000E+00  0.0000000000000000E+00
  0.0000000000000000E+00  0.0000000000000000E+00
  0.0000000000000000E+00  1.7954287557742334E-02
 -1.1261886927945790E+00 -1.0811418330629128E+00
 -5.6309434639728950E-01 -5.4057091653145595E-01
  1.3940532370412073E-18  0.0000000000000000E+00
  8.2499304594680070E-19  0.0000000000000000E+00
 -9.0436672556147235E-02 -8.5541006028932061E-03
 -1.3940532370410917E-18  0.0000000000000000E+00
 -8.2499304594676758E-19  0.0000000000000000E+00
  9.0436672556147346E-02  8.5541006028932061E-03
  0.0000000000000000E+00  0.0000000000000000E+00
  0.0000000000000000E+00  0.0000000000000000E+00
  0.0000000000000000E+00  0.0000000000000000E+00
  0.0000000000000000E+00  0.0000000000000000E+00
  0.0000000000000000E+00  0.0000000000000000E+00
  0.0000000000000000E+00  0.0000000000000000E+00
  0.0000000000000000E+00  0.0000000000000000E+00
  0.0000000000000000E+00  0.0000000000000000E+00
  0.0000000000000000E+00  1.8059014372532056E-02
 -1.1229068972554361E+00 -1.0808326425411423E+00
 -5.6145344862771807E-01 -5.4041632127057115E-01
  1.4834951068867569E-17  0.0000000000000000E+00
  6.6303425169298264E-18  0.0000000000000000E+00
 -9.0507314591551230E-02 -8.5034227430905752E-03
 -1.4834951068867633E-17  0.0000000000000000E+00
 -6.6303425169297941E-18  0.0000000000000000E+00
  9.0507314591551230E-02  8.5034227430905752E-03
  0.0000000000000000E+00  0.0000000000000000E+00
  0.0000000000000000E+00  0.0000000000000000E+00
  0.0000000000000000E+00  0.0000000000000000E+00
  0.0000000000000000E+00  0.0000000000000000E+00
  0.0000000000000000E+00  0.0000000000000000E+00
  0.0000000000000000E+00  0.0000000000000000E+00
  0.0000000000000000E+00  0.0000000000000000E+00
  0.0000000000000000E+00  0.0000000000000000E+00
  0.0000000000000000E+00  1.8260423931773202E-02
 -1.1196260680094936E+00 -1.0805245941391384E+00
 -5.5981303400474680E-01 -5.4026229706956874E-01
  1.0247046553738509E-17  0.0000000000000000E+00
 -1.4205688498296490E-17  0.0000000000000000E+00
 -9.0386396929052315E-02 -8.4894327649777303E-03
 -1.0247046553738497E-17  0.0000000000000000E+00
  1.4205688498296509E-17  0.0000000000000000E+00
  9.0386396929052260E-02  8.4894327649777303E-03
  0.0000000000000000E+00  0.0000000000000000E+00
  0.0000000000000000E+00  0.0000000000000000E+00
  0.0000000000000000E+00  0.0000000000000000E+00
  0.0000000000000000E+00  0.0000000000000000E+00
  0.0000000000000000E+00  0.0000000000000000E+00
  0.0000000000000000E+00  0.0000000000000000E+00
  0.0000000000000000E+00  0.0000000000000000E+00
  0.0000000000000000E+00  0.0000000000000000E+00
  0.0000000000000000E+00  1.8538272455688690E-02
 -1.1163528321414702E+00 -1.0802165247365316E+00
 -5.5817641607073509E-01 -5.4010826236826603E-01
 -8.9516324747189321E-18  0.0000000000000000E+00
  3.1344645849850004E-18  0.0000000000000000E+00
 -9.0091298764032296E-02 -8.5033100783734189E-03
  8.9516324747189660E-18  0.0000000000000000E+00
 -3.1344645849850170E-18  0.0000000000000000E+00
  9.0091298764032185E-02  8.5033100783734189E-03
  0.0000000000000000E+00  0.0000000000000000E+00
  0.0000000000000000E+00  0.0000000000000000E+00
  0.0000000000000000E+00  0.0000000000000000E+00
  0.0000000000000000E+00  0.0000000000000000E+00
  0.0000000000000000E+00  0.0000000000000000E+00
  0.0000000000000000E+00  0.0000000000000000E+00
  0.0000000000000000E+00  0.0000000000000000E+00
  0.0000000000000000E+00  0.0000000000000000E+00
  0.0000000000000000E+00  1.8876970363591108E-02
 -1.1130932159823399E+00 -1.0799075499490893E+00
 -5.5654660799116995E-01 -5.3995377497454466E-01
  9.1039927490873776E-18  0.0000000000000000E+00
  3.3074029777746948E-18  0.0000000000000000E+00
 -8.9637805988948799E-02 -8.5384023323396979E-03
 -9.1039927490874238E-18  0.0000000000000000E+00
 -3.3074029777746882E-18  0.0000000000000000E+00
  8.9637805988948688E-02  8.5384023323396979E-03
  0.0000000000000000E+00  0.0000000000000000E+00
  0.0000000000000000E+00  0.0000000000000000E+00
  0.0000000000000000E+00  0.0000000000000000E+00
  0.0000000000000000E+00  0.0000000000000000E+00
  0.0000000000000000E+00  0.0000000000000000E+00
  0.0000000000000000E+00  0.0000000000000000E+00
  0.0000000000000000E+00  0.0000000000000000E+00
  0.0000000000000000E+00  0.0000000000000000E+00
  0.0000000000000000E+00  1.9264540501619239E-02
 -1.1098526961337900E+00 -1.0795969956777449E+00
 -5.5492634806689500E-01 -5.3979849783887313E-01
  1.4170950891780168E-18  0.0000000000000000E+00
 -3.8602181065091946E-18  0.0000000000000000E+00
 -8.9040290394024141E-02 -8.5896872904536632E-03
 -1.4170950891780237E-18  0.0000000000000000E+00
  3.8602181065092039E-18  0.0000000000000000E+00
  8.9040290394024363E-02  8.5896872904536632E-03
  0.0000000000000000E+00  0.0000000000000000E+00
  0.0000000000000000E+00  0.0000000000000000E+00
  0.0000000000000000E+00  0.0000000000000000E+00
  0.0000000000000000E+00  0.0000000000000000E+00
  0.0000000000000000E+00  0.0000000000000000E+00
  0.0000000000000000E+00  0.0000000000000000E+00
  0.0000000000000000E+00  0.0000000000000000E+00
  0.0000000000000000E+00  0.0000000000000000E+00
  0.0000000000000000E+00  1.9691777682969112E-02
 -1.1066362609066012E+00 -1.0792843467649396E+00
 -5.5331813045330058E-01 -5.3964217338246967E-01
 -2.7722961368496438E-18  0.0000000000000000E+00
  1.6765739974785536E-18  0.0000000000000000E+00
 -8.8311871805704961E-02 -8.6533635027029720E-03
  2.7722961368496627E-18  0.0000000000000000E+00
 -1.6765739974785598E-18  0.0000000000000000E+00
  8.8311871805704739E-02  8.6533635027029720E-03
  0.0000000000000000E+00  0.0000000000000000E+00
  0.0000000000000000E+00  0.0000000000000000E+00
  0.0000000000000000E+00  0.0000000000000000E+00
  0.0000000000000000E+00  0.0000000000000000E+00
  0.0000000000000000E+00  0.0000000000000000E+00
  0.0000000000000000E+00  0.0000000000000000E+00
  0.0000000000000000E+00  0.0000000000000000E+00
  0.0000000000000000E+00  0.0000000000000000E+00
  0.0000000000000000E+00  2.0151591057009054E-02
 -1.1034484342411213E+00 -1.0789692085556775E+00
 -5.5172421712056063E-01 -5.3948460427783851E-01
 -1.1079675315935906E-18  0.0000000000000000E+00
  6.7250223000971737E-18  0.0000000000000000E+00
 -8.7464549731151059E-02 -8.7265429875544257E-03
  1.1079675315935937E-18  0.0000000000000000E+00
 -6.7250223000971861E-18  0.0000000000000000E+00
  8.7464549731151059E-02  8.7265429875544257E-03
  0.0000000000000000E+00  0.0000000000000000E+00
  0.0000000000000000E+00  0.0000000000000000E+00
  0.0000000000000000E+00  0.0000000000000000E+00
  0.0000000000000000E+00  0.0000000000000000E+00
  0.0000000000000000E+00  0.0000000000000000E+00
  0.0000000000000000E+00  0.0000000000000000E+00
  0.0000000000000000E+00  0.0000000000000000E+00
  0.0000000000000000E+00  0.0000000000000000E+00
  0.0000000000000000E+00  2.0638498675955616E-02
 -1.1002933261888874E+00 -1.0786512781344624E+00
 -5.5014666309444371E-01 -5.3932563906723052E-01
  1.0344529152698954E-18  0.0000000000000000E+00
 -2.1856673065801364E-18  0.0000000000000000E+00
 -8.6509329854753098E-02 -8.8070221161748730E-03
 -1.0344529152698954E-18  0.0000000000000000E+00
  2.1856673065801348E-18  0.0000000000000000E+00
  8.6509329854753042E-02  8.8070221161748730E-03
  0.0000000000000000E+00  0.0000000000000000E+00
  0.0000000000000000E+00  0.0000000000000000E+00
  0.0000000000000000E+00  0.0000000000000000E+00
  0.0000000000000000E+00  0.0000000000000000E+00
  0.0000000000000000E+00  0.0000000000000000E+00
  0.0000000000000000E+00  0.0000000000000000E+00
  0.0000000000000000E+00  0.0000000000000000E+00
  0.0000000000000000E+00  0.0000000000000000E+00
  0.0000000000000000E+00  2.1148242960090838E-02
 -1.0971746640362259E+00 -1.0783303227392218E+00
 -5.4858733201811294E-01 -5.3916516136961101E-01
 -4.1419699617391868E-21  0.0000000000000000E+00
  1.2299149882092561E-19  0.0000000000000000E+00
 -8.5456329465731701E-02 -8.8931113301425196E-03
  4.1419699617468906E-21  0.0000000000000000E+00
 -1.2299149882094314E-19  0.0000000000000000E+00
  8.5456329465731534E-02  8.8931113301425196E-03
  0.0000000000000000E+00  0.0000000000000000E+00
  0.0000000000000000E+00  0.0000000000000000E+00
  0.0000000000000000E+00  0.0000000000000000E+00
  0.0000000000000000E+00  0.0000000000000000E+00
  0.0000000000000000E+00  0.0000000000000000E+00
  0.0000000000000000E+00  0.0000000000000000E+00
  0.0000000000000000E+00  0.0000000000000000E+00
  0.0000000000000000E+00  0.0000000000000000E+00
  0.0000000000000000E+00  2.1677499730245891E-02
 -1.0940958227620339E+00 -1.0780061635316032E+00
 -5.4704791138101694E-01 -5.3900308176580169E-01
 -1.9391217523165969E-18  0.0000000000000000E+00
 -5.3027180071207708E-18  0.0000000000000000E+00
 -8.4314871510955819E-02 -8.9835086329646124E-03
  1.9391217523166246E-18  0.0000000000000000E+00
  5.3027180071208016E-18  0.0000000000000000E+00
  8.4314871510955985E-02  8.9835086329646124E-03
  0.0000000000000000E+00  0.0000000000000000E+00
  0.0000000000000000E+00  0.0000000000000000E+00
  0.0000000000000000E+00  0.0000000000000000E+00
  0.0000000000000000E+00  0.0000000000000000E+00
  0.0000000000000000E+00  0.0000000000000000E+00
  0.0000000000000000E+00  0.0000000000000000E+00
  0.0000000000000000E+00  0.0000000000000000E+00
  0.0000000000000000E+00  0.0000000000000000E+00
  0.0000000000000000E+00  2.2223658460873326E-02
 -1.0910598523044943E+00 -1.0776786633243323E+00
 -5.4552992615224716E-01 -5.3883933166216635E-01
 -4.4777353626778092E-18  0.0000000000000000E+00
 -1.3761365432822402E-17  0.0000000000000000E+00
 -8.3093567511519667E-02 -9.0772054735584751E-03
  4.4777353626778339E-18  0.0000000000000000E+00
  1.3761365432822342E-17  0.0000000000000000E+00
  8.3093567511519834E-02  9.0772054735584751E-03
  0.0000000000000000E+00  0.0000000000000000E+00
  0.0000000000000000E+00  0.0000000000000000E+00
  0.0000000000000000E+00  0.0000000000000000E+00
  0.0000000000000000E+00  0.0000000000000000E+00
  0.0000000000000000E+00  0.0000000000000000E+00
  0.0000000000000000E+00  0.0000000000000000E+00
  0.0000000000000000E+00  0.0000000000000000E+00
  0.0000000000000000E+00  0.0000000000000000E+00
  0.0000000000000000E+00  2.2784656325239253E-02
 -1.0880695020181426E+00 -1.0773477172807899E+00
 -5.4403475100907128E-01 -5.3867385864039474E-01
  3.0303903818565498E-19  0.0000000000000000E+00
 -2.2361970046045345E-18  0.0000000000000000E+00
 -8.1800390636576931E-02 -9.1734165316919945E-03
 -3.0303903818563032E-19  0.0000000000000000E+00
  2.2361970046045726E-18  0.0000000000000000E+00
  8.1800390636577042E-02  9.1734165316919945E-03
  0.0000000000000000E+00  0.0000000000000000E+00
  0.0000000000000000E+00  0.0000000000000000E+00
  0.0000000000000000E+00  0.0000000000000000E+00
  0.0000000000000000E+00  0.0000000000000000E+00
  0.0000000000000000E+00  0.0000000000000000E+00
  0.0000000000000000E+00  0.0000000000000000E+00
  0.0000000000000000E+00  0.0000000000000000E+00
  0.0000000000000000E+00  0.0000000000000000E+00
  0.0000000000000000E+00  2.3358852609206629E-02
 -1.0851272426525207E+00 -1.0770132458105726E+00
 -5.4256362132626035E-01 -5.3850662290528650E-01
 -2.9970632952106252E-18  0.0000000000000000E+00
 -1.0948370854605750E-18  0.0000000000000000E+00
 -8.0442740081303782E-02 -9.2715271518360228E-03
  2.9970632952106483E-18  0.0000000000000000E+00
  1.0948370854605721E-18  0.0000000000000000E+00
  8.0442740081303699E-02  9.2715271518360228E-03
  0.0000000000000000E+00  0.0000000000000000E+00
  0.0000000000000000E+00  0.0000000000000000E+00
  0.0000000000000000E+00  0.0000000000000000E+00
  0.0000000000000000E+00  0.0000000000000000E+00
  0.0000000000000000E+00  0.0000000000000000E+00
  0.0000000000000000E+00  0.0000000000000000E+00
  0.0000000000000000E+00  0.0000000000000000E+00
  0.0000000000000000E+00  0.0000000000000000E+00
  0.0000000000000000E+00  2.3944933439673421E-02
 -1.0822352861388005E+00 -1.0766751891367721E+00
 -5.4111764306940024E-01 -5.3833759456838559E-01
 -6.0541243884797819E-18  0.0000000000000000E+00
 -8.4648154859946613E-19  0.0000000000000000E+00
 -7.9027510690585362E-02 -9.3710538169707296E-03
  6.0541243884797757E-18  0.0000000000000000E+00
  8.4648154859945534E-19  0.0000000000000000E+00
  7.9027510690585528E-02  9.3710538169707296E-03
  0.0000000000000000E+00  0.0000000000000000E+00
  0.0000000000000000E+00  0.0000000000000000E+00
  0.0000000000000000E+00  0.0000000000000000E+00
  0.0000000000000000E+00  0.0000000000000000E+00
  0.0000000000000000E+00  0.0000000000000000E+00
  0.0000000000000000E+00  0.0000000000000000E+00
  0.0000000000000000E+00  0.0000000000000000E+00
  0.0000000000000000E+00  0.0000000000000000E+00
  0.0000000000000000E+00  2.4541839211066872E-02
 -1.0793956034331871E+00 -1.0763335031036216E+00
 -5.3969780171659354E-01 -5.3816675155181048E-01
 -3.2072000030592744E-18  0.0000000000000000E+00
  3.0438641480687103E-18  0.0000000000000000E+00
 -7.7561122646822411E-02 -9.4716142944823393E-03
  3.2072000030593206E-18  0.0000000000000000E+00
 -3.0438641480686849E-18  0.0000000000000000E+00
  7.7561122646822411E-02  9.4716142944823393E-03
  0.0000000000000000E+00  0.0000000000000000E+00
  0.0000000000000000E+00  0.0000000000000000E+00
  0.0000000000000000E+00  0.0000000000000000E+00
  0.0000000000000000E+00  0.0000000000000000E+00
  0.0000000000000000E+00  0.0000000000000000E+00
  0.0000000000000000E+00  0.0000000000000000E+00
  0.0000000000000000E+00  0.0000000000000000E+00
  0.0000000000000000E+00  0.0000000000000000E+00
  0.0000000000000000E+00  2.5148709100793237E-02
 -1.0766099406343475E+00 -1.0759881559299058E+00
 -5.3830497031717373E-01 -5.3799407796495335E-01
 -2.0668126190108916E-18  0.0000000000000000E+00
  1.0468003250294730E-18  0.0000000000000000E+00
 -7.6049524833599724E-02 -9.5729049758261457E-03
  2.0668126190108777E-18  0.0000000000000000E+00
 -1.0468003250294610E-18  0.0000000000000000E+00
  7.6049524833599724E-02  9.5729049758261457E-03
  0.0000000000000000E+00  0.0000000000000000E+00
  0.0000000000000000E+00  0.0000000000000000E+00
  0.0000000000000000E+00  0.0000000000000000E+00
  0.0000000000000000E+00  0.0000000000000000E+00
  0.0000000000000000E+00  0.0000000000000000E+00
  0.0000000000000000E+00  0.0000000000000000E+00
  0.0000000000000000E+00  0.0000000000000000E+00
  0.0000000000000000E+00  0.0000000000000000E+00
  0.0000000000000000E+00  2.5764838449999414E-02
 -1.0738798335643742E+00 -1.0756391256915834E+00
 -5.3693991678218711E-01 -5.3781956284579246E-01
 -2.7392124414309590E-18  0.0000000000000000E+00
 -5.3782575706379582E-18  0.0000000000000000E+00
 -7.4498353883156843E-02 -9.6746835874209330E-03
  2.7392124414309933E-18  0.0000000000000000E+00
  5.3782575706379705E-18  0.0000000000000000E+00
  7.4498353883156898E-02  9.6746835874209330E-03
  0.0000000000000000E+00  0.0000000000000000E+00
  0.0000000000000000E+00  0.0000000000000000E+00
  0.0000000000000000E+00  0.0000000000000000E+00
  0.0000000000000000E+00  0.0000000000000000E+00
  0.0000000000000000E+00  0.0000000000000000E+00
  0.0000000000000000E+00  0.0000000000000000E+00
  0.0000000000000000E+00  0.0000000000000000E+00
  0.0000000000000000E+00  0.0000000000000000E+00
  0.0000000000000000E+00  2.6389645854949139E-02
 -1.0712066209816795E+00 -1.0752863983405363E+00
 -5.3560331049083976E-01 -5.3764319917026848E-01
  3.5255320300531754E-18  0.0000000000000000E+00
 -2.1769849955941499E-19  0.0000000000000000E+00
 -7.2912873267604816E-02 -9.7767559385812264E-03
 -3.5255320300531723E-18  0.0000000000000000E+00
  2.1769849955941903E-19  0.0000000000000000E+00
  7.2912873267604733E-02  9.7767559385812264E-03
  0.0000000000000000E+00  0.0000000000000000E+00
  0.0000000000000000E+00  0.0000000000000000E+00
  0.0000000000000000E+00  0.0000000000000000E+00
  0.0000000000000000E+00  0.0000000000000000E+00
  0.0000000000000000E+00  0.0000000000000000E+00
  0.0000000000000000E+00  0.0000000000000000E+00
  0.0000000000000000E+00  0.0000000000000000E+00
  0.0000000000000000E+00  0.0000000000000000E+00
  0.0000000000000000E+00  2.7022647668683064E-02
 -1.0685914565755275E+00 -1.0749299661616187E+00
 -5.3429572828776373E-01 -5.3746498308080903E-01
 -4.5399251237676847E-18  0.0000000000000000E+00
  3.4444565094509204E-18  0.0000000000000000E+00
 -7.1298031136455470E-02 -9.8789657058548936E-03
  4.5399251237677371E-18  0.0000000000000000E+00
 -3.4444565094509478E-18  0.0000000000000000E+00
  7.1298031136455553E-02  9.8789657058548936E-03
  0.0000000000000000E+00  0.0000000000000000E+00
  0.0000000000000000E+00  0.0000000000000000E+00
  0.0000000000000000E+00  0.0000000000000000E+00
  0.0000000000000000E+00  0.0000000000000000E+00
  0.0000000000000000E+00  0.0000000000000000E+00
  0.0000000000000000E+00  0.0000000000000000E+00
  0.0000000000000000E+00  0.0000000000000000E+00
  0.0000000000000000E+00  0.0000000000000000E+00
  0.0000000000000000E+00  2.7663438106294236E-02
 -1.0660353198777313E+00 -1.0745698265409653E+00
 -5.3301765993886563E-01 -5.3728491327048278E-01
  8.7861541414799458E-18  0.0000000000000000E+00
  5.3331540957268152E-18  0.0000000000000000E+00
 -6.9658488427125811E-02 -9.9811865260347379E-03
 -8.7861541414799181E-18  0.0000000000000000E+00
 -5.3331540957268160E-18  0.0000000000000000E+00
  6.9658488427125950E-02  9.9811865260347379E-03
  0.0000000000000000E+00  0.0000000000000000E+00
  0.0000000000000000E+00  0.0000000000000000E+00
  0.0000000000000000E+00  0.0000000000000000E+00
  0.0000000000000000E+00  0.0000000000000000E+00
  0.0000000000000000E+00  0.0000000000000000E+00
  0.0000000000000000E+00  0.0000000000000000E+00
  0.0000000000000000E+00  0.0000000000000000E+00
  0.0000000000000000E+00  0.0000000000000000E+00
  0.0000000000000000E+00  2.8311673691263924E-02
 -1.0635390262143307E+00 -1.0742059810035181E+00
 -5.3176951310716536E-01 -5.3710299050175880E-01
  1.0382579740786549E-17  0.0000000000000000E+00
  3.1324331609048244E-18  0.0000000000000000E+00
 -6.7998643740430409E-02 -1.0083315839319274E-02
 -1.0382579740786578E-17  0.0000000000000000E+00
 -3.1324331609047959E-18  0.0000000000000000E+00
  6.7998643740430353E-02  1.0083315839319274E-02
  0.0000000000000000E+00  0.0000000000000000E+00
  0.0000000000000000E+00  0.0000000000000000E+00
  0.0000000000000000E+00  0.0000000000000000E+00
  0.0000000000000000E+00  0.0000000000000000E+00
  0.0000000000000000E+00  0.0000000000000000E+00
  0.0000000000000000E+00  0.0000000000000000E+00
  0.0000000000000000E+00  0.0000000000000000E+00
  0.0000000000000000E+00  0.0000000000000000E+00
  0.0000000000000000E+00  2.8967060993330709E-02
 -1.0611032358109231E+00 -1.0738384344325596E+00
 -5.3055161790546157E-01 -5.3691921721627967E-01
 -4.2500284946208904E-18  0.0000000000000000E+00
 -5.7441799186093481E-19  0.0000000000000000E+00
 -6.6322655221772900E-02 -1.0185270079796851E-02
  4.2500284946209213E-18  0.0000000000000000E+00
  5.7441799186094328E-19  0.0000000000000000E+00
  6.6322655221772844E-02  1.0185270079796851E-02
  0.0000000000000000E+00  0.0000000000000000E+00
  0.0000000000000000E+00  0.0000000000000000E+00
  0.0000000000000000E+00  0.0000000000000000E+00
  0.0000000000000000E+00  0.0000000000000000E+00
  0.0000000000000000E+00  0.0000000000000000E+00
  0.0000000000000000E+00  0.0000000000000000E+00
  0.0000000000000000E+00  0.0000000000000000E+00
  0.0000000000000000E+00  0.0000000000000000E+00
  0.0000000000000000E+00  2.9629346961821099E-02
 -1.0587284621562165E+00 -1.0734671944601688E+00
 -5.2936423107810826E-01 -5.3673359723008418E-01
  4.7679309928113033E-18  0.0000000000000000E+00
  1.3271523852342031E-18  0.0000000000000000E+00
 -6.4634459659072205E-02 -1.0286980894118645E-02
 -4.7679309928112971E-18  0.0000000000000000E+00
 -1.3271523852342139E-18  0.0000000000000000E+00
  6.4634459659072038E-02  1.0286980894118645E-02
  0.0000000000000000E+00  0.0000000000000000E+00
  0.0000000000000000E+00  0.0000000000000000E+00
  0.0000000000000000E+00  0.0000000000000000E+00
  0.0000000000000000E+00  0.0000000000000000E+00
  0.0000000000000000E+00  0.0000000000000000E+00
  0.0000000000000000E+00  0.0000000000000000E+00
  0.0000000000000000E+00  0.0000000000000000E+00
  0.0000000000000000E+00  0.0000000000000000E+00
  0.0000000000000000E+00  3.0298311224765822E-02
 -1.0564150797212863E+00 -1.0730922709635302E+00
 -5.2820753986064317E-01 -5.3654613548176477E-01
  4.1808978595557867E-18  0.0000000000000000E+00
 -3.3082535751779396E-18  0.0000000000000000E+00
 -6.2937788990072477E-02 -1.0388392162689239E-02
 -4.1808978595557481E-18  0.0000000000000000E+00
  3.3082535751779381E-18  0.0000000000000000E+00
  6.2937788990072394E-02  1.0388392162689239E-02
  0.0000000000000000E+00  0.0000000000000000E+00
  0.0000000000000000E+00  0.0000000000000000E+00
  0.0000000000000000E+00  0.0000000000000000E+00
  0.0000000000000000E+00  0.0000000000000000E+00
  0.0000000000000000E+00  0.0000000000000000E+00
  0.0000000000000000E+00  0.0000000000000000E+00
  0.0000000000000000E+00  0.0000000000000000E+00
  0.0000000000000000E+00  0.0000000000000000E+00
  0.0000000000000000E+00  3.0973759974077999E-02
 -1.0541633311250242E+00 -1.0727136756728868E+00
 -5.2708166556251212E-01 -5.3635683783644361E-01
 -1.0762802478343510E-17  0.0000000000000000E+00
  1.9415875887081850E-19  0.0000000000000000E+00
 -6.1236184402296681E-02 -1.0489457636216093E-02
  1.0762802478343545E-17  0.0000000000000000E+00
 -1.9415875887077844E-19  0.0000000000000000E+00
  6.1236184402296542E-02  1.0489457636216093E-02
  0.0000000000000000E+00  0.0000000000000000E+00
  0.0000000000000000E+00  0.0000000000000000E+00
  0.0000000000000000E+00  0.0000000000000000E+00
  0.0000000000000000E+00  0.0000000000000000E+00
  0.0000000000000000E+00  0.0000000000000000E+00
  0.0000000000000000E+00  0.0000000000000000E+00
  0.0000000000000000E+00  0.0000000000000000E+00
  0.0000000000000000E+00  0.0000000000000000E+00
  0.0000000000000000E+00  3.1655521044335153E-02
 -1.0519733338296218E+00 -1.0723314218458715E+00
 -5.2598666691481089E-01 -5.3616571092293563E-01
 -1.8063473986018593E-18  0.0000000000000000E+00
  2.9132125770172915E-18  0.0000000000000000E+00
 -5.9533008206508517E-02 -1.0590139058290132E-02
  1.8063473986019271E-18  0.0000000000000000E+00
 -2.9132125770172537E-18  0.0000000000000000E+00
  5.9533008206508517E-02  1.0590139058290132E-02
  0.0000000000000000E+00  0.0000000000000000E+00
  0.0000000000000000E+00  0.0000000000000000E+00
  0.0000000000000000E+00  0.0000000000000000E+00
  0.0000000000000000E+00  0.0000000000000000E+00
  0.0000000000000000E+00  0.0000000000000000E+00
  0.0000000000000000E+00  0.0000000000000000E+00
  0.0000000000000000E+00  0.0000000000000000E+00
  0.0000000000000000E+00  0.0000000000000000E+00
  0.0000000000000000E+00  3.2343439971819050E-02
 -1.0498450864433222E+00 -1.0719455240026146E+00
 -5.2492254322166110E-01 -5.3597276200130772E-01
  9.7967619610899414E-19  0.0000000000000000E+00
  3.2389112759782220E-18  0.0000000000000000E+00
 -5.7831453667047727E-02 -1.0690404666492591E-02
 -9.7967619610903420E-19  0.0000000000000000E+00
 -3.2389112759782208E-18  0.0000000000000000E+00
  5.7831453667047894E-02  1.0690404666492591E-02
  0.0000000000000000E+00  0.0000000000000000E+00
  0.0000000000000000E+00  0.0000000000000000E+00
  0.0000000000000000E+00  0.0000000000000000E+00
  0.0000000000000000E+00  0.0000000000000000E+00
  0.0000000000000000E+00  0.0000000000000000E+00
  0.0000000000000000E+00  0.0000000000000000E+00
  0.0000000000000000E+00  0.0000000000000000E+00
  0.0000000000000000E+00  0.0000000000000000E+00
  0.0000000000000000E+00  3.3037376814990242E-02
 -1.0477784747007839E+00 -1.0715559977202482E+00
 -5.2388923735039195E-01 -5.3577799886012445E-01
 -1.5470552562563887E-19  0.0000000000000000E+00
  1.6107730911417211E-18  0.0000000000000000E+00
 -5.6134552977669228E-02 -1.0790227988538756E-02
  1.5470552562566199E-19  0.0000000000000000E+00
 -1.6107730911416810E-18  0.0000000000000000E+00
  5.6134552977669117E-02  1.0790227988538756E-02
  0.0000000000000000E+00  0.0000000000000000E+00
  0.0000000000000000E+00  0.0000000000000000E+00
  0.0000000000000000E+00  0.0000000000000000E+00
  0.0000000000000000E+00  0.0000000000000000E+00
  0.0000000000000000E+00  0.0000000000000000E+00
  0.0000000000000000E+00  0.0000000000000000E+00
  0.0000000000000000E+00  0.0000000000000000E+00
  0.0000000000000000E+00  0.0000000000000000E+00
  0.0000000000000000E+00  3.3737203560660220E-02
 -1.0457732771839312E+00 -1.0711628594506610E+00
 -5.2288663859196560E-01 -5.3558142972533107E-01
  8.1450262916876389E-18  0.0000000000000000E+00
  2.7199559815070309E-18  0.0000000000000000E+00
 -5.4445183577027711E-02 -1.0889586877824235E-02
 -8.1450262916876697E-18  0.0000000000000000E+00
 -2.7199559815070355E-18  0.0000000000000000E+00
  5.4445183577027711E-02  1.0889586877824235E-02
  0.0000000000000000E+00  0.0000000000000000E+00
  0.0000000000000000E+00  0.0000000000000000E+00
  0.0000000000000000E+00  0.0000000000000000E+00
  0.0000000000000000E+00  0.0000000000000000E+00
  0.0000000000000000E+00  0.0000000000000000E+00
  0.0000000000000000E+00  0.0000000000000000E+00
  0.0000000000000000E+00  0.0000000000000000E+00
  0.0000000000000000E+00  0.0000000000000000E+00
  0.0000000000000000E+00  3.4442802041322475E-02
 -1.0438291708372212E+00 -1.0707661263868875E+00
 -5.2191458541861058E-01 -5.3538306319344409E-01
  2.0459724652592961E-20  0.0000000000000000E+00
  7.3098607619567434E-18  0.0000000000000000E+00
 -5.2766073000194272E-02 -1.0988462731132274E-02
 -2.0459724652579480E-20  0.0000000000000000E+00
 -7.3098607619567603E-18  0.0000000000000000E+00
  5.2766073000194272E-02  1.0988462731132274E-02
  0.0000000000000000E+00  0.0000000000000000E+00
  0.0000000000000000E+00  0.0000000000000000E+00
  0.0000000000000000E+00  0.0000000000000000E+00
  0.0000000000000000E+00  0.0000000000000000E+00
  0.0000000000000000E+00  0.0000000000000000E+00
  0.0000000000000000E+00  0.0000000000000000E+00
  0.0000000000000000E+00  0.0000000000000000E+00
  0.0000000000000000E+00  0.0000000000000000E+00
  0.0000000000000000E+00  3.5154062208274800E-02
 -1.0419457363171201E+00 -1.0703658163377412E+00
 -5.2097286815856003E-01 -5.3518290816887037E-01
  3.9629969723592764E-18  0.0000000000000000E+00
 -2.2409584066266562E-19  0.0000000000000000E+00
 -5.1099802452312909E-02 -1.1086839859267365E-02
 -3.9629969723592733E-18  0.0000000000000000E+00
  2.2409584066265753E-19  0.0000000000000000E+00
  5.1099802452312965E-02  1.1086839859267365E-02
  0.0000000000000000E+00  0.0000000000000000E+00
  0.0000000000000000E+00  0.0000000000000000E+00
  0.0000000000000000E+00  0.0000000000000000E+00
  0.0000000000000000E+00  0.0000000000000000E+00
  0.0000000000000000E+00  0.0000000000000000E+00
  0.0000000000000000E+00  0.0000000000000000E+00
  0.0000000000000000E+00  0.0000000000000000E+00
  0.0000000000000000E+00  0.0000000000000000E+00
  0.0000000000000000E+00  3.5870880746559516E-02
 -1.0401224631815240E+00 -1.0699619476405493E+00
 -5.2006123159076201E-01 -5.3498097382027443E-01
  1.1280333274735559E-17  0.0000000000000000E+00
  2.1018512546923918E-18  0.0000000000000000E+00
 -4.9448809238136188E-02 -1.1184704971999958E-02
 -1.1280333274735607E-17  0.0000000000000000E+00
 -2.1018512546923741E-18  0.0000000000000000E+00
  4.9448809238136021E-02  1.1184704971999958E-02
  0.0000000000000000E+00  0.0000000000000000E+00
  0.0000000000000000E+00  0.0000000000000000E+00
  0.0000000000000000E+00  0.0000000000000000E+00
  0.0000000000000000E+00  0.0000000000000000E+00
  0.0000000000000000E+00  0.0000000000000000E+00
  0.0000000000000000E+00  0.0000000000000000E+00
  0.0000000000000000E+00  0.0000000000000000E+00
  0.0000000000000000E+00  0.0000000000000000E+00
  0.0000000000000000E+00  3.6593159909520598E-02
 -1.0383587985673273E+00 -1.0695545390730969E+00
 -5.1917939928366363E-01 -5.3477726953654792E-01
 -3.6969155949138791E-18  0.0000000000000000E+00
 -1.0757825073388238E-18  0.0000000000000000E+00
 -4.7815364535893107E-02 -1.1282046762531393E-02
  3.6969155949138337E-18  0.0000000000000000E+00
  1.0757825073388063E-18  0.0000000000000000E+00
  4.7815364535893162E-02  1.1282046762531393E-02
  0.0000000000000000E+00  0.0000000000000000E+00
  0.0000000000000000E+00  0.0000000000000000E+00
  0.0000000000000000E+00  0.0000000000000000E+00
  0.0000000000000000E+00  0.0000000000000000E+00
  0.0000000000000000E+00  0.0000000000000000E+00
  0.0000000000000000E+00  0.0000000000000000E+00
  0.0000000000000000E+00  0.0000000000000000E+00
  0.0000000000000000E+00  0.0000000000000000E+00
  0.0000000000000000E+00  3.7320806588074074E-02
 -1.0366539344394934E+00 -1.0691436097970430E+00
 -5.1832696721974669E-01 -5.3457180489852185E-01
  2.9878750897658452E-18  0.0000000000000000E+00
 -5.1118445577951145E-18  0.0000000000000000E+00
 -4.6201693970893090E-02 -1.1378855564205934E-02
 -2.9878750897658683E-18  0.0000000000000000E+00
  5.1118445577951237E-18  0.0000000000000000E+00
  4.6201693970893090E-02  1.1378855564205934E-02
  0.0000000000000000E+00  0.0000000000000000E+00
  0.0000000000000000E+00  0.0000000000000000E+00
  0.0000000000000000E+00  0.0000000000000000E+00
  0.0000000000000000E+00  0.0000000000000000E+00
  0.0000000000000000E+00  0.0000000000000000E+00
  0.0000000000000000E+00  0.0000000000000000E+00
  0.0000000000000000E+00  0.0000000000000000E+00
  0.0000000000000000E+00  0.0000000000000000E+00
  0.0000000000000000E+00  3.8053731513429979E-02
 -1.0350072514097934E+00 -1.0687291792946416E+00
 -5.1750362570489672E-01 -5.3436458964732125E-01
  2.1801255765272122E-18  0.0000000000000000E+00
  7.2386553349235163E-18  0.0000000000000000E+00
 -4.4609745587905120E-02 -1.1475123073345838E-02
 -2.1801255765272789E-18  0.0000000000000000E+00
 -7.2386553349235347E-18  0.0000000000000000E+00
  4.4609745587905092E-02  1.1475123073345838E-02
  0.0000000000000000E+00  0.0000000000000000E+00
  0.0000000000000000E+00  0.0000000000000000E+00
  0.0000000000000000E+00  0.0000000000000000E+00
  0.0000000000000000E+00  0.0000000000000000E+00
  0.0000000000000000E+00  0.0000000000000000E+00
  0.0000000000000000E+00  0.0000000000000000E+00
  0.0000000000000000E+00  0.0000000000000000E+00
  0.0000000000000000E+00  0.0000000000000000E+00
  0.0000000000000000E+00  3.8791848626537853E-02
 -1.0334178823290598E+00 -1.0683112673315460E+00
 -5.1670894116452992E-01 -5.3415563366577290E-01
 -5.8245147791603730E-19  0.0000000000000000E+00
  5.1445506340788022E-18  0.0000000000000000E+00
 -4.3041416224449958E-02 -1.1570842118130392E-02
  5.8245147791605425E-19  0.0000000000000000E+00
 -5.1445506340787505E-18  0.0000000000000000E+00
  4.3041416224449958E-02  1.1570842118130392E-02
  0.0000000000000000E+00  0.0000000000000000E+00
  0.0000000000000000E+00  0.0000000000000000E+00
  0.0000000000000000E+00  0.0000000000000000E+00
  0.0000000000000000E+00  0.0000000000000000E+00
  0.0000000000000000E+00  0.0000000000000000E+00
  0.0000000000000000E+00  0.0000000000000000E+00
  0.0000000000000000E+00  0.0000000000000000E+00
  0.0000000000000000E+00  0.0000000000000000E+00
  0.0000000000000000E+00  3.9535074527648408E-02
 -1.0318849381979625E+00 -1.0678898939159100E+00
 -5.1594246909898123E-01 -5.3394494695795480E-01
  2.3222337196665151E-18  0.0000000000000000E+00
 -4.4877396372610753E-18  0.0000000000000000E+00
 -4.1498438171876401E-02 -1.1666006470823475E-02
 -2.3222337196665479E-18  0.0000000000000000E+00
  4.4877396372610368E-18  0.0000000000000000E+00
  4.1498438171876373E-02  1.1666006470823475E-02
  0.0000000000000000E+00  0.0000000000000000E+00
  0.0000000000000000E+00  0.0000000000000000E+00
  0.0000000000000000E+00  0.0000000000000000E+00
  0.0000000000000000E+00  0.0000000000000000E+00
  0.0000000000000000E+00  0.0000000000000000E+00
  0.0000000000000000E+00  0.0000000000000000E+00
  0.0000000000000000E+00  0.0000000000000000E+00
  0.0000000000000000E+00  0.0000000000000000E+00
  0.0000000000000000E+00  4.0283328036529932E-02
 -1.0304074694251273E+00 -1.0674650792635227E+00
 -5.1520373471256364E-01 -5.3373253963176126E-01
 -1.6288310575638956E-18  0.0000000000000000E+00
  8.1392441781853551E-18  0.0000000000000000E+00
 -3.9982409256948681E-02 -1.1760610693109205E-02
  1.6288310575639125E-18  0.0000000000000000E+00
 -8.1392441781854706E-18  0.0000000000000000E+00
  3.9982409256948667E-02  1.1760610693109205E-02
  0.0000000000000000E+00  0.0000000000000000E+00
  0.0000000000000000E+00  0.0000000000000000E+00
  0.0000000000000000E+00  0.0000000000000000E+00
  0.0000000000000000E+00  0.0000000000000000E+00
  0.0000000000000000E+00  0.0000000000000000E+00
  0.0000000000000000E+00  0.0000000000000000E+00
  0.0000000000000000E+00  0.0000000000000000E+00
  0.0000000000000000E+00  0.0000000000000000E+00
  0.0000000000000000E+00  4.1036529827521762E-02
 -1.0289844722283430E+00 -1.0670368437797679E+00
 -5.1449223611417150E-01 -5.3351842188988352E-01
 -2.0494605214323252E-18  0.0000000000000000E+00
 -2.0771571704011683E-18  0.0000000000000000E+00
 -3.8494786701292347E-02 -1.1854650005888968E-02
  2.0494605214322536E-18  0.0000000000000000E+00
  2.0771571704012080E-18  0.0000000000000000E+00
  3.8494786701292319E-02  1.1854650005888968E-02
  0.0000000000000000E+00  0.0000000000000000E+00
  0.0000000000000000E+00  0.0000000000000000E+00
  0.0000000000000000E+00  0.0000000000000000E+00
  0.0000000000000000E+00  0.0000000000000000E+00
  0.0000000000000000E+00  0.0000000000000000E+00
  0.0000000000000000E+00  0.0000000000000000E+00
  0.0000000000000000E+00  0.0000000000000000E+00
  0.0000000000000000E+00  0.0000000000000000E+00
  0.0000000000000000E+00  4.1794602105487438E-02
 -1.0276148898521549E+00 -1.0666052080282957E+00
 -5.1380744492607744E-01 -5.3330260401414809E-01
 -1.0128171503652293E-18  0.0000000000000000E+00
 -5.3246565993464487E-18  0.0000000000000000E+00
 -3.7036888680371735E-02 -1.1948120185180790E-02
  1.0128171503651665E-18  0.0000000000000000E+00
  5.3246565993464225E-18  0.0000000000000000E+00
  3.7036888680371680E-02  1.1948120185180790E-02
  0.0000000000000000E+00  0.0000000000000000E+00
  0.0000000000000000E+00  0.0000000000000000E+00
  0.0000000000000000E+00  0.0000000000000000E+00
  0.0000000000000000E+00  0.0000000000000000E+00
  0.0000000000000000E+00  0.0000000000000000E+00
  0.0000000000000000E+00  0.0000000000000000E+00
  0.0000000000000000E+00  0.0000000000000000E+00
  0.0000000000000000E+00  0.0000000000000000E+00
  0.0000000000000000E+00  4.2557468363934745E-02
 -1.0262976265232513E+00 -1.0661701927220162E+00
 -5.1314881326162565E-01 -5.3308509636100776E-01
  3.2997210509013616E-19  0.0000000000000000E+00
  4.5173118127408856E-18  0.0000000000000000E+00
 -3.5609924459320860E-02 -1.2041017472081524E-02
 -3.2997210509016601E-19  0.0000000000000000E+00
 -4.5173118127409319E-18  0.0000000000000000E+00
  3.5609924459320957E-02  1.2041017472081524E-02
  0.0000000000000000E+00  0.0000000000000000E+00
  0.0000000000000000E+00  0.0000000000000000E+00
  0.0000000000000000E+00  0.0000000000000000E+00
  0.0000000000000000E+00  0.0000000000000000E+00
  0.0000000000000000E+00  0.0000000000000000E+00
  0.0000000000000000E+00  0.0000000000000000E+00
  0.0000000000000000E+00  0.0000000000000000E+00
  0.0000000000000000E+00  0.0000000000000000E+00
  0.0000000000000000E+00  4.3325053152266382E-02
 -1.0250315398874776E+00 -1.0657318186980338E+00
 -5.1251576994373882E-01 -5.3286590934901668E-01
 -7.3869716491973063E-18  0.0000000000000000E+00
 -1.4648499951975492E-18  0.0000000000000000E+00
 -3.4214894445093999E-02 -1.2133338501872308E-02
  7.3869716491973155E-18  0.0000000000000000E+00
  1.4648499951975134E-18  0.0000000000000000E+00
  3.4214894445094082E-02  1.2133338501872308E-02
  0.0000000000000000E+00  0.0000000000000000E+00
  0.0000000000000000E+00  0.0000000000000000E+00
  0.0000000000000000E+00  0.0000000000000000E+00
  0.0000000000000000E+00  0.0000000000000000E+00
  0.0000000000000000E+00  0.0000000000000000E+00
  0.0000000000000000E+00  0.0000000000000000E+00
  0.0000000000000000E+00  0.0000000000000000E+00
  0.0000000000000000E+00  0.0000000000000000E+00
  0.0000000000000000E+00  4.4097281911978745E-02
 -1.0238154539431941E+00 -1.0652901069141265E+00
 -5.1190772697159703E-01 -5.3264505345706370E-01
 -1.1721828491974440E-18  0.0000000000000000E+00
  9.6371208287083730E-19  0.0000000000000000E+00
 -3.2852736623913942E-02 -1.2225080241401759E-02
  1.1721828491975018E-18  0.0000000000000000E+00
 -9.6371208287080572E-19  0.0000000000000000E+00
  3.2852736623913914E-02  1.2225080241401759E-02
  0.0000000000000000E+00  0.0000000000000000E+00
  0.0000000000000000E+00  0.0000000000000000E+00
  0.0000000000000000E+00  0.0000000000000000E+00
  0.0000000000000000E+00  0.0000000000000000E+00
  0.0000000000000000E+00  0.0000000000000000E+00
  0.0000000000000000E+00  0.0000000000000000E+00
  0.0000000000000000E+00  0.0000000000000000E+00
  0.0000000000000000E+00  0.0000000000000000E+00
  0.0000000000000000E+00  4.4874080808702227E-02
 -1.0226481618738386E+00 -1.0648450784279437E+00
 -5.1132408093691928E-01 -5.3242253921397142E-01
  5.4672358288747078E-19  0.0000000000000000E+00
  1.9230682895705340E-18  0.0000000000000000E+00
 -3.1524235717575025E-02 -1.2316239940804443E-02
 -5.4672358288743535E-19  0.0000000000000000E+00
 -1.9230682895705768E-18  0.0000000000000000E+00
  3.1524235717575094E-02  1.2316239940804443E-02
  0.0000000000000000E+00  0.0000000000000000E+00
  0.0000000000000000E+00  0.0000000000000000E+00
  0.0000000000000000E+00  0.0000000000000000E+00
  0.0000000000000000E+00  0.0000000000000000E+00
  0.0000000000000000E+00  0.0000000000000000E+00
  0.0000000000000000E+00  0.0000000000000000E+00
  0.0000000000000000E+00  0.0000000000000000E+00
  0.0000000000000000E+00  0.0000000000000000E+00
  0.0000000000000000E+00  4.5655376623020293E-02
 -1.0215284307214332E+00 -1.0643967543973014E+00
 -5.1076421536071659E-01 -5.3219837719865026E-01
  3.3047046066143914E-18  0.0000000000000000E+00
  4.1381435391562072E-18  0.0000000000000000E+00
 -3.0230049174059428E-02 -1.2406815089655687E-02
 -3.3047046066143695E-18  0.0000000000000000E+00
 -4.1381435391561864E-18  0.0000000000000000E+00
  3.0230049174059484E-02  1.2406815089655687E-02
  0.0000000000000000E+00  0.0000000000000000E+00
  0.0000000000000000E+00  0.0000000000000000E+00
  0.0000000000000000E+00  0.0000000000000000E+00
  0.0000000000000000E+00  0.0000000000000000E+00
  0.0000000000000000E+00  0.0000000000000000E+00
  0.0000000000000000E+00  0.0000000000000000E+00
  0.0000000000000000E+00  0.0000000000000000E+00
  0.0000000000000000E+00  0.0000000000000000E+00
  0.0000000000000000E+00  4.6441096627975922E-02
 -1.0204550059391764E+00 -1.0639451560622892E+00
 -5.1022750296958819E-01 -5.3197257803114506E-01
 -1.1573747136982876E-18  0.0000000000000000E+00
 -9.6986440522284401E-19  0.0000000000000000E+00
 -2.8970710745481035E-02 -1.2496803384218162E-02
  1.1573747136983415E-18  0.0000000000000000E+00
  9.6986440522282552E-19  0.0000000000000000E+00
  2.8970710745480993E-02  1.2496803384218162E-02
  0.0000000000000000E+00  0.0000000000000000E+00
  0.0000000000000000E+00  0.0000000000000000E+00
  0.0000000000000000E+00  0.0000000000000000E+00
  0.0000000000000000E+00  0.0000000000000000E+00
  0.0000000000000000E+00  0.0000000000000000E+00
  0.0000000000000000E+00  0.0000000000000000E+00
  0.0000000000000000E+00  0.0000000000000000E+00
  0.0000000000000000E+00  0.0000000000000000E+00
  0.0000000000000000E+00  4.7231168518517157E-02
